PaperCoffeeCup,Glasses,Pumpkin,Microphone,HTCVive,Pinza,
