TimeStamp,X,Y,Z,Roll,Pitch,Yaw
0.03068203,-2.680106,22.27023,42.85391,3.500011,347.5,0
0.05973275,-2.697421,22.27024,42.93202,3.500011,347.5,0
0.08983082,-2.732051,22.27023,43.08823,3.500011,347.5,0
0.1198611,-2.749367,22.27023,43.16633,3.500011,347.5,0
0.1500079,-2.783997,22.27024,43.32254,3.500011,347.5,0
0.1788277,-2.801312,22.27023,43.40064,3.500011,347.5,0
0.2086934,-2.801312,22.27023,43.40064,3.500011,347.5,0
0.238699,-2.801312,22.27023,43.40064,3.500011,347.5,0
0.268912,-2.801312,22.27023,43.40064,3.500011,347.5,0
0.2978309,-2.801312,22.27023,43.40064,3.500011,347.5,0
0.3278299,-2.801312,22.27023,43.40064,3.500011,347.5,0
0.3575369,-2.801312,22.27023,43.40064,3.500011,347.5,0
0.3867031,-2.801312,22.27023,43.40064,3.500011,347.5,0
0.4169993,-2.801312,22.27023,43.40064,3.500011,347.5,0
0.4468099,-2.801312,22.27023,43.40064,3.500011,347.5,0
0.4771163,-2.801312,22.27023,43.40064,3.500011,347.5,0
0.5069383,-2.801312,22.27023,43.40064,3.500011,347.5,0
0.535617,-2.801312,22.27023,43.40064,3.500011,347.5,0
0.5655816,-2.801312,22.27023,43.40064,3.500011,347.5,0
0.5961939,-2.801312,22.27023,43.40064,3.500011,347.5,0
0.6247966,-2.801312,22.27023,43.40064,3.500011,347.5,0
0.6547905,-2.801312,22.27023,43.40064,3.500011,347.5,0
0.6848454,-2.801312,22.27023,43.40064,3.500011,347.5,0
0.7148584,-2.801312,22.27023,43.40064,3.500011,347.5,0
0.7438331,-2.801312,22.27023,43.40064,3.500011,347.5,0
0.7737357,-2.801312,22.27023,43.40064,3.500011,347.5,0
0.8040734,-2.801312,22.27023,43.40064,3.500011,347.5,0
0.8337789,-2.801312,22.27023,43.40064,3.500011,347.5,0
0.862866,-2.801312,22.27023,43.40064,3.500011,347.5,0
0.8927855,-2.801312,22.27023,43.40064,3.500011,347.5,0
0.9231633,-2.801312,22.27023,43.40064,3.500011,347.5,0
0.9530156,-2.801312,22.27023,43.40064,3.500011,347.5,0
0.9820273,-2.801312,22.27023,43.40064,3.500011,347.5,0
1.011673,-2.801312,22.27023,43.40064,3.500011,347.5,0
1.042164,-2.801312,22.27023,43.40064,3.500011,347.5,0
1.071826,-2.801312,22.27023,43.40064,3.500011,347.5,0
1.100641,-2.801312,22.27023,43.40064,3.500011,347.5,0
1.131094,-2.801312,22.27023,43.40064,3.500011,347.5,0
1.161151,-2.801312,22.27023,43.40064,3.500011,348.3,0
1.190979,-2.801312,22.27023,43.40064,5.200013,351,-5.358137E-08
1.221103,-2.801312,22.27023,43.40064,6.500012,353.1,0
1.251131,-2.801312,22.27023,43.40064,7.900013,355,2.693606E-08
1.282233,-2.801312,22.27023,43.40064,8.800013,356.2,-5.399648E-08
1.314167,-2.801312,22.27023,43.40064,9.500012,356.8,0
1.345311,-2.801312,22.27023,43.40064,10.00001,357.5,0
1.377343,-2.801312,22.27023,43.40064,10.10001,357.6,0
1.41041,-2.801312,22.27023,43.40064,10.10001,357.6,0
1.443139,-2.801312,22.27023,43.40064,10.10001,357.6,0
1.475275,-2.801312,22.27023,43.40064,10.10001,357.6,0
1.508218,-2.801312,22.27023,43.40064,10.10001,357.6,0
1.541315,-2.801312,22.27023,43.40064,10.10001,357.6,0
1.572897,-2.801312,22.27023,43.40064,10.10001,357.6,0
1.606053,-2.801312,22.27023,43.40064,10.10001,357.6,0
1.639056,-2.801312,22.27023,43.40064,10.10001,357.6,0
1.671446,-2.801312,22.27023,43.40064,10.10001,357.5,-1.35502E-08
1.703993,-2.801312,22.27023,43.40064,10.10001,357.3,0
1.737089,-2.801312,22.27023,43.40064,10.00001,357.2,0
1.770243,-2.801312,22.27023,43.40064,10.00001,357.2,0
1.802876,-2.801312,22.27023,43.40064,10.00001,357.2,0
1.834843,-2.801312,22.27023,43.40064,10.00001,357.2,0
1.868072,-2.801312,22.27023,43.40064,10.00001,357.2,0
1.900059,-2.801312,22.27023,43.40064,10.00001,357.2,0
1.933265,-2.801312,22.27023,43.40064,10.00001,357.2,0
1.9651,-2.801312,22.27023,43.40064,10.00001,356.7,0
1.998026,-2.801312,22.27023,43.40064,9.900014,355.6,-2.708372E-08
2.030067,-2.801312,22.27023,43.40064,9.900014,353.4,0
2.064433,-2.801312,22.27023,43.40064,9.900014,349.9,5.416744E-08
2.097301,-2.801312,22.27023,43.40064,9.800014,346.8,-1.083021E-07
2.128747,-2.801312,22.27023,43.40064,9.800013,346.3,0
2.161985,-2.801312,22.27023,43.40064,9.800013,346.3,0
2.194207,-2.801312,22.27023,43.40064,9.800013,346.3,0
2.225981,-2.820259,22.27023,43.47836,9.800013,346.3,0
2.258112,-2.858153,22.27023,43.63381,9.800013,346.3,0
2.290015,-2.896318,22.27023,43.78919,9.700011,346.2,0
2.32185,-2.915401,22.27023,43.86688,9.600014,346.2,0
2.354118,-2.953567,22.27023,44.02227,9.500014,346.2,-1.082057E-07
2.386064,-2.972513,22.27024,44.09999,9.200014,346.3,0
2.41697,-3.010408,22.27024,44.25544,9.200014,346.3,0
2.448785,-3.04803,22.27023,44.41095,9.100014,346.4,0
2.480808,-3.066842,22.27023,44.48871,9.100014,346.4,0
2.512016,-3.104465,22.27024,44.64422,8.900015,346.4,0
2.543878,-3.12314,22.27023,44.72201,8.800014,346.5,1.079929E-07
2.576382,-3.160491,22.27023,44.87759,8.800014,346.5,1.079929E-07
2.60695,-3.179167,22.27023,44.95538,8.700013,346.5,0
2.638932,-3.216518,22.27023,45.11096,8.600014,346.5,1.079353E-07
2.670827,-3.25387,22.27023,45.26654,8.600014,346.5,1.079353E-07
2.70178,-3.272409,22.27023,45.34436,8.400014,346.6,0
2.733834,-3.309489,22.27023,45.5,8.400014,346.6,0
2.765851,-3.327893,22.27023,45.57786,8.300013,346.7,0
2.797768,-3.364157,22.27023,45.7337,8.100014,346.9,-1.077971E-07
2.831002,-3.397696,22.27023,45.89014,8.100014,347.9,-1.077971E-07
2.86381,-3.411863,22.27023,45.96888,8.100014,349.8,-5.389856E-08
2.895872,-3.433854,22.27023,46.12736,8.600014,352.1,-5.396765E-08
2.928822,-3.449745,22.27023,46.28657,9.300014,354.3,-5.407159E-08
2.963033,-3.454211,22.27023,46.36644,10.20001,356.8,0
2.996751,-3.455886,22.27456,46.52643,10.50001,359.4,-3.39185E-09
3.030699,-3.449149,22.28,46.68542,10.60001,2.400005,-1.357181E-08
3.066279,-3.440648,22.28,46.76497,11.00001,6.100006,5.435959E-08
3.09972,-3.410393,22.281,46.92208,11.00001,10.90001,0
3.134551,-3.410393,22.281,46.92208,10.90002,14.5,1.086825E-07
3.171897,-3.410393,22.281,46.92208,10.70001,17.9,-1.086101E-07
3.209625,-3.410393,22.281,46.92208,10.70001,22.5,2.172203E-07
3.249316,-3.410393,22.281,46.92208,10.70001,25.10001,0
3.290277,-3.410393,22.281,46.92208,10.70001,25.4,2.172203E-07
3.33134,-3.410393,22.281,46.92208,10.70001,25.4,2.172203E-07
3.373832,-3.410393,22.281,46.92208,10.70001,25.4,2.172203E-07
3.415133,-3.410393,22.281,46.92208,10.60001,25.60001,0
3.456907,-3.410393,22.281,46.92208,10.50001,25.70001,0
3.498029,-3.410393,22.281,46.92208,10.50001,25.70001,0
3.540198,-3.410393,22.281,46.92208,10.50001,25.70001,0
3.582302,-3.410393,22.281,46.92208,10.40001,25.8,-2.170085E-07
3.623044,-3.410393,22.281,46.92208,10.40001,25.8,-2.170085E-07
3.665251,-3.410393,22.281,46.92208,10.40001,25.8,-2.170085E-07
3.706095,-3.340756,22.281,47.06613,10.40001,25.8,-2.170085E-07
3.748176,-3.271119,22.281,47.21018,10.40001,25.8,-2.170085E-07
3.788904,-3.166663,22.281,47.42626,10.40001,25.8,-2.170085E-07
3.831021,-3.097027,22.281,47.57031,10.40001,25.8,-2.170085E-07
3.872172,-3.02739,22.281,47.71436,10.40001,25.8,-2.170085E-07
3.912678,-2.957752,22.281,47.85841,10.40001,25.8,-2.170085E-07
3.953628,-2.888116,22.281,48.00246,10.40001,25.8,-2.170085E-07
3.994853,-2.818227,22.281,48.14639,10.10001,25.90001,2.168032E-07
4.034891,-2.746586,22.281,48.28946,9.800014,26.6,0
4.075686,-2.669995,22.281,48.42994,9.700012,28.60001,0
4.115072,-2.581685,22.281,48.56335,9.700014,33.5,2.165392E-07
4.15531,-2.479913,22.281,48.68682,8.800014,39.5,-2.159859E-07
4.193182,-2.479913,22.281,48.68682,8.400014,45.90001,4.31516E-07
4.231613,-2.479913,22.281,48.68682,7.600014,52.60001,0
4.267319,-2.479913,22.281,48.68682,7.600014,52.60001,0
4.304521,-2.479913,22.281,48.68682,7.600014,52.60001,0
4.339601,-2.479913,22.281,48.68682,7.600014,52.60001,0
4.375445,-2.479913,22.281,48.68682,7.600014,52.60001,0
4.410302,-2.479913,22.281,48.68682,7.600014,52.60001,0
4.445467,-2.479913,22.281,48.68682,7.600014,52.60001,0
4.480291,-2.479913,22.281,48.68682,7.600014,52.60001,0
4.515348,-2.479913,22.281,48.68682,7.600014,52.60001,0
4.550416,-2.479913,22.281,48.68682,7.600014,52.60001,0
4.586536,-2.479913,22.281,48.68682,7.600014,52.60001,0
4.621568,-2.479913,22.281,48.68682,8.000013,52.60001,2.15541E-07
4.656877,-2.479913,22.281,48.68682,8.600016,51.90001,-2.158706E-07
4.691506,-2.479913,22.281,48.68682,8.800015,51.90001,0
4.727532,-2.479913,22.281,48.68682,8.800014,52.8,2.159859E-07
4.763576,-2.479913,22.281,48.68682,8.800014,54.50001,-2.159859E-07
4.800331,-2.479913,22.281,48.68682,8.600016,57.20001,4.317412E-07
4.836394,-2.479913,22.281,48.68682,7.800014,60.70002,2.154367E-07
4.871524,-2.479913,22.281,48.68682,6.600014,64.90001,2.148674E-07
4.905334,-2.479913,22.281,48.68682,5.000014,69.90002,0
4.938209,-2.479913,22.281,48.68682,2.300014,76.20001,1.068077E-07
4.971222,-2.479913,22.281,48.68682,1.300014,78.60001,5.337459E-08
5.004337,-2.479913,22.281,48.68682,1.100014,79.60001,5.337069E-08
5.035126,-2.479913,22.281,48.68682,0.9000139,80.40001,0
5.065458,-2.479913,22.281,48.68682,0.6000139,81.2,2.668189E-08
5.094016,-2.479913,22.281,48.68682,0.6000139,81.8,0
5.123098,-2.479913,22.281,48.68682,0.5000138,82.00001,2.668144E-08
5.152107,-2.479913,22.281,48.68682,0.5000138,82.00001,2.668144E-08
5.181039,-2.479913,22.281,48.68682,0.5000138,82.10001,2.668144E-08
5.209908,-2.479913,22.281,48.68682,0.5000138,82.10001,2.668144E-08
5.23796,-2.479913,22.281,48.68682,0.5000139,82.20001,2.668144E-08
5.267018,-2.479913,22.281,48.68682,0.5000139,82.20001,2.668144E-08
5.295033,-2.479913,22.281,48.68682,0.5000139,82.20001,2.668144E-08
5.323217,-2.479913,22.281,48.68682,0.5000139,82.20001,2.668144E-08
5.352161,-2.479913,22.281,48.68682,0.5000139,82.20001,2.668144E-08
5.380371,-2.479913,22.281,48.68682,0.5000139,82.40001,0
5.408309,-2.479913,22.281,48.68682,0.4000138,82.50002,1.334054E-08
5.43713,-2.479913,22.281,48.68682,0.4000138,82.50002,1.334054E-08
5.464995,-2.479913,22.281,48.68682,0.4000138,82.50002,1.334054E-08
5.49396,-2.479913,22.281,48.68682,0.4000138,82.50002,1.334054E-08
5.521924,-2.479913,22.281,48.68682,0.4000138,82.50002,1.334054E-08
5.551086,-2.479913,22.281,48.68682,0.4000138,82.50002,1.334054E-08
5.578975,-2.479913,22.281,48.68682,0.4000138,82.50002,1.334054E-08
5.607129,-2.479913,22.281,48.68682,0.4000138,82.50002,1.334054E-08
5.635259,-2.479913,22.281,48.68682,0.4000138,82.50002,1.334054E-08
5.664034,-2.479913,22.281,48.68682,0.4000138,82.50002,1.334054E-08
5.691999,-2.479913,22.281,48.68682,0.4000138,82.50002,1.334054E-08
5.720071,-2.479913,22.281,48.68682,0.4000138,82.50002,1.334054E-08
5.748072,-2.479913,22.281,48.68682,0.4000138,82.50002,1.334054E-08
5.77695,-2.479913,22.281,48.68682,0.4000138,82.50002,1.334054E-08
5.805095,-2.479913,22.281,48.68682,0.4000138,82.50002,1.334054E-08
5.834021,-2.479913,22.281,48.68682,0.4000138,82.50002,1.334054E-08
5.862024,-2.479913,22.281,48.68682,0.4000138,82.50002,1.334054E-08
5.889976,-2.479913,22.281,48.68682,0.4000138,82.50002,1.334054E-08
5.918989,-2.400597,22.281,48.69726,0.4000138,82.50002,1.334054E-08
5.946945,-2.321281,22.281,48.7077,0.4000138,82.50002,1.334054E-08
5.975992,-2.16265,22.281,48.72858,0.4000138,82.50002,1.334054E-08
6.004017,-2.083335,22.281,48.73903,0.4000138,82.50002,1.334054E-08
6.032078,-1.924703,22.281,48.75991,0.4000138,82.50002,1.334054E-08
6.060066,-1.845388,22.281,48.77035,0.4000138,82.50002,1.334054E-08
6.087942,-1.766072,22.281,48.7808,0.4000138,82.50002,1.334054E-08
6.115081,-1.607441,22.281,48.80168,0.4000138,82.50002,1.334054E-08
6.143165,-1.528126,22.281,48.81212,0.4000138,82.50002,1.334054E-08
6.171158,-1.369494,22.281,48.833,0.4000138,82.50002,1.334054E-08
6.198921,-1.290179,22.281,48.84345,0.4000138,82.50002,1.334054E-08
6.227103,-1.210863,22.281,48.85389,0.4000138,82.50002,1.334054E-08
6.255125,-1.052232,22.281,48.87477,0.4000138,82.50002,1.334054E-08
6.283293,-0.9729164,22.281,48.88522,0.4000138,82.50002,1.334054E-08
6.309918,-0.8142853,22.281,48.9061,0.4000138,82.50002,1.334054E-08
6.338006,-0.7349697,22.281,48.91654,0.4000138,82.50002,1.334054E-08
6.364981,-0.6556541,22.281,48.92698,0.4000138,82.50002,1.334054E-08
6.393023,-0.4970229,22.281,48.94787,0.4000138,82.50002,1.334054E-08
6.420166,-0.4177073,22.281,48.95831,0.4000138,82.50002,1.334054E-08
6.449007,-0.2590761,22.281,48.97919,0.4000138,82.50002,1.334054E-08
6.477944,-0.1797606,22.281,48.98964,0.4000138,82.50002,1.334054E-08
6.507896,-0.100445,22.281,49.00008,0.4000138,82.50002,1.334054E-08
6.539081,0.0581862,22.281,49.02096,0.4000138,82.50002,1.334054E-08
6.569839,0.2168174,22.281,49.04185,0.4000138,82.50002,1.334054E-08
6.599969,0.296133,22.281,49.05229,0.4000138,82.50002,1.334054E-08
6.62996,0.4547642,22.281,49.07317,0.4000138,82.50002,1.334054E-08
6.659921,0.5340797,22.281,49.08361,0.4000138,82.50002,1.334054E-08
6.68987,0.6927109,22.281,49.1045,0.4000138,82.50002,1.334054E-08
6.719995,0.7720265,22.281,49.11494,0.4000138,82.50002,1.334054E-08
6.749875,0.9307296,22.281,49.13527,0.3000138,82.70001,1.33404E-08
6.781243,1.010116,22.281,49.14516,0.2000138,82.90001,-6.670147E-09
6.811078,1.168957,22.281,49.16438,0.2000138,83.10001,-6.670147E-09
6.840874,1.248378,22.281,49.17399,0.2000138,83.10001,-6.670147E-09
6.872056,1.407219,22.281,49.19321,0.2000138,83.10001,-6.670147E-09
6.901844,1.486656,22.281,49.20269,0.2000138,83.20001,0
6.932946,1.645596,22.281,49.22108,0.2000138,83.40001,0
6.962964,1.725066,22.281,49.23027,0.2000138,83.40001,0
6.993994,1.884005,22.281,49.24866,0.2000138,83.40001,0
7.024859,1.963475,22.281,49.25786,0.2000138,83.40001,0
7.054631,2.122415,22.281,49.27625,0.2000138,83.40001,0
7.085845,2.201885,22.281,49.28544,0.2000138,83.40001,0
7.116567,2.360824,22.281,49.30383,0.2000138,83.40001,0
7.145506,2.440294,22.281,49.31303,0.2000138,83.40001,0
7.174542,2.599234,22.281,49.33142,0.2000138,83.40001,0
7.202406,2.678704,22.281,49.34061,0.2000138,83.40001,0
7.228507,2.837643,22.281,49.359,0.2000138,83.40001,0
7.255629,2.917113,22.281,49.3682,0.2000138,83.40001,0
7.281334,2.996583,22.281,49.37739,0.2000138,83.40001,0
7.307617,3.076053,22.281,49.38659,0.2000138,83.40001,0
7.333614,3.234993,22.281,49.40498,0.2000138,83.40001,0
7.359572,3.314462,22.281,49.41417,0.2000138,83.40001,0
7.38554,3.393932,22.281,49.42337,0.2000138,83.40001,0
7.41035,3.552872,22.281,49.44176,0.2000138,83.40001,0
7.435483,3.632342,22.281,49.45095,0.2000138,83.40001,0
7.461643,3.711811,22.281,49.46015,0.2000138,83.40001,0
7.486552,3.791281,22.281,49.46934,0.2000138,83.40001,0
7.511407,3.950221,22.281,49.48773,0.2000138,83.40001,0
7.537515,4.029691,22.281,49.49693,0.2000138,83.40001,0
7.562406,4.10916,22.281,49.50612,0.2000138,83.40001,0
7.588449,4.18863,22.281,49.51532,0.2000138,83.40001,0
7.614275,4.34757,22.281,49.53371,0.2000138,83.40001,0
7.640303,4.42704,22.281,49.5429,0.2000138,83.40001,0
7.666486,4.50651,22.281,49.5521,0.2000138,83.40001,0
7.692534,4.665449,22.281,49.57048,0.2000138,83.40001,0
7.718449,4.744919,22.281,49.57968,0.2000138,83.40001,0
7.745378,4.824389,22.281,49.58887,0.2000138,83.40001,0
7.771154,4.983328,22.281,49.60727,0.2000138,83.40001,0
7.798432,4.983328,22.281,49.60727,0.2000138,83.40001,0
7.824294,4.983328,22.281,49.60727,0.2000138,83.40001,0
7.849269,4.983328,22.281,49.60727,0.2000138,83.40001,0
7.875249,4.983328,22.281,49.60727,0.2000138,83.40001,0
7.900389,4.983328,22.281,49.60727,0.2000138,83.40001,0
7.925416,4.983328,22.281,49.60727,0.2000138,83.40001,0
7.951209,4.983328,22.281,49.60727,0.2000138,83.40001,0
7.976134,4.983328,22.281,49.60727,0.2000138,83.40001,0
8.001396,4.983328,22.281,49.60727,0.2000138,83.40001,0
8.02729,4.983328,22.281,49.60727,0.2000138,83.40001,0
8.052441,4.983328,22.281,49.60727,0.2000138,83.40001,0
8.077357,4.983328,22.281,49.60727,0.2000138,83.40001,0
8.102332,4.983328,22.281,49.60727,0.2000138,83.40001,0
8.128439,4.983328,22.281,49.60727,0.2000138,83.40001,0
8.153262,4.983328,22.281,49.60727,0.2000138,83.40001,0
8.178467,4.983328,22.281,49.60727,0.2000138,83.40001,0
8.204483,4.983328,22.281,49.60727,0.2000138,83.40001,0
8.229471,4.983328,22.281,49.60727,0.2000138,83.40001,0
8.254447,4.983328,22.281,49.60727,0.2000138,83.40001,0
8.279272,4.983328,22.281,49.60727,0.2000138,83.40001,0
8.305491,4.983328,22.281,49.60727,0.2000138,83.40001,0
8.330373,4.983328,22.281,49.60727,0.2000138,83.40001,0
8.355429,4.983328,22.281,49.60727,0.2000138,83.7,0
8.380427,4.983328,22.281,49.60727,0.2000138,83.7,0
8.406486,4.983328,22.281,49.60727,0.2000138,83.80001,0
8.431481,4.983328,22.281,49.60727,0.2000138,83.80001,0
8.456283,4.983328,22.281,49.60727,0.2000138,83.80001,0
8.482556,4.983328,22.281,49.60727,0.2000138,83.90001,0
8.507391,4.983328,22.281,49.60727,0.2000138,83.90001,0
8.532528,4.983328,22.281,49.60727,0.2000138,83.90001,0
8.55845,4.983328,22.281,49.60727,0.2000138,83.90001,0
8.583353,4.983328,22.281,49.60727,0.2000138,83.90001,0
8.60951,4.983328,22.281,49.60727,0.2000138,83.90001,0
8.634422,4.983328,22.281,49.60727,0.2000138,83.90001,0
8.659427,4.983328,22.281,49.60727,0.2000138,83.90001,0
8.684296,4.983328,22.281,49.60727,0.2000138,83.90001,0
8.709383,4.983328,22.281,49.60727,0.2000138,83.90001,0
8.73542,4.983328,22.281,49.60727,0.2000138,83.90001,0
8.760476,4.983328,22.281,49.60727,0.2000138,83.90001,0
8.785303,4.983328,22.281,49.60727,0.2000138,83.90001,0
8.810375,4.983328,22.281,49.60727,0.2000138,83.90001,0
8.835481,4.983328,22.281,49.60727,0.2000138,83.90001,0
8.861552,4.983328,22.281,49.60727,0.2000138,83.90001,0
8.886494,4.983328,22.281,49.60727,0.2000138,83.90001,0
8.911345,4.983328,22.281,49.60727,0.2000138,83.90001,0
8.936443,4.983328,22.281,49.60727,0.2000138,83.90001,0
8.962477,4.903781,22.281,49.59877,0.2000138,83.90001,0
8.987484,4.824234,22.281,49.59026,0.2000138,83.90001,0
9.012458,4.66514,22.281,49.57326,0.2000138,83.90001,0
9.037436,4.585593,22.281,49.56476,0.2000138,83.90001,0
9.063428,4.506046,22.281,49.55626,0.2000138,83.90001,0
9.088405,4.426499,22.281,49.54776,0.2000138,83.90001,0
9.11552,4.267405,22.281,49.53075,0.2000138,83.90001,0
9.141464,4.187858,22.281,49.52225,0.2000138,83.90001,0
9.167371,4.108311,22.281,49.51375,0.2000138,83.90001,0
9.194471,3.949217,22.281,49.49675,0.2000138,83.90001,0
9.220654,3.86967,22.281,49.48825,0.2000138,83.90001,0
9.246571,3.86967,22.281,49.48825,0.2000138,83.90001,0
9.272726,3.86967,22.281,49.48825,0.2000138,83.90001,0
9.29844,3.86967,22.281,49.48825,0.2000138,83.90001,0
9.323487,3.86967,22.281,49.48825,0.2000138,83.90001,0
9.349489,3.86967,22.281,49.48825,0.2000138,83.90001,0
9.3745,3.86967,22.281,49.48825,0.2000138,83.90001,0
9.400683,3.86967,22.281,49.48825,0.2000138,83.90001,0
9.426412,3.86967,22.281,49.48825,0.2000138,83.90001,0
9.451626,3.86967,22.281,49.48825,0.2000138,83.90001,0
9.477507,3.86967,22.281,49.48825,0.2000138,83.90001,0
9.503631,3.86967,22.281,49.48825,0.2000138,83.90001,0
9.528421,3.86967,22.281,49.48825,0.2000138,83.90001,0
9.554449,3.86967,22.281,49.48825,0.2000138,83.90001,0
9.580472,3.86967,22.281,49.48825,0.3000138,83.3,0
9.605644,3.86967,22.281,49.48825,0.7000138,82.3,2.668241E-08
9.63163,3.86967,22.281,49.48825,0.9000137,81.40001,2.668372E-08
9.657631,3.86967,22.281,49.48825,1.000014,80.80001,0
9.683788,3.86967,22.281,49.48825,1.500014,79.2,0
9.709622,3.86967,22.281,49.48825,2.400014,77.4,0
9.735554,3.86967,22.281,49.48825,3.300014,75.2,1.06899E-07
9.761755,3.86967,22.281,49.48825,4.200014,73.10001,0
9.788742,3.86967,22.281,49.48825,5.400014,70.30001,0
9.815796,3.86967,22.281,49.48825,5.900013,69.10001,2.145801E-07
9.842772,3.86967,22.281,49.48825,6.100014,68.60001,-4.293176E-07
9.870565,3.86967,22.281,49.48825,6.200014,68.30002,2.146992E-07
9.899636,3.86967,22.281,49.48825,6.200013,68.10002,0
9.92787,3.86967,22.281,49.48825,6.200014,67.60002,0
9.955911,3.86967,22.281,49.48825,6.200014,67.00002,0
9.9838,3.86967,22.281,49.48825,6.200015,66.70001,0
10.01186,3.86967,22.281,49.48825,6.000014,66.20002,2.146191E-07
10.03972,3.86967,22.281,49.48825,5.900013,65.90002,0
10.06864,3.86967,22.281,49.48825,5.800014,65.80002,0
10.09666,3.86967,22.281,49.48825,5.800014,65.80002,0
10.12469,3.86967,22.281,49.48825,5.700013,65.80002,0
10.15278,3.86967,22.281,49.48825,5.600014,65.80002,2.14467E-07
10.18081,3.86967,22.281,49.48825,5.500014,65.80002,0
10.20868,3.86967,22.281,49.48825,5.300014,65.80002,0
10.23667,3.86967,22.281,49.48825,5.200014,65.80002,-4.28651E-07
10.26583,3.94264,22.281,49.52105,5.200014,65.80002,-4.28651E-07
10.29359,4.088579,22.281,49.58663,5.100014,65.80002,0
10.32098,4.161549,22.281,49.61943,5.000014,65.80002,2.142587E-07
10.3487,4.307602,22.281,49.68476,4.900014,65.90002,2.142263E-07
10.37663,4.380629,22.281,49.71743,4.700015,65.90002,0
10.40462,4.453712,22.281,49.74996,4.600016,66.00002,0
10.43167,4.59988,22.281,49.81504,4.600016,66.00002,0
10.45957,4.67302,22.281,49.84745,4.400015,66.10002,0
10.48758,4.746217,22.281,49.87974,4.300014,66.20003,-2.140459E-07
10.51466,4.892723,22.281,49.94405,4.100014,66.30003,0
10.54159,4.892723,22.281,49.94405,3.900014,66.50003,0
10.5675,4.892723,22.281,49.94405,3.800015,66.60004,-1.069569E-07
10.59472,4.892723,22.281,49.94405,3.700014,66.80004,1.069446E-07
10.62175,4.892723,22.281,49.94405,3.400014,67.30003,1.069099E-07
10.64768,4.892723,22.281,49.94405,3.100014,67.90003,0
10.67454,4.892723,22.281,49.94405,2.200014,69.40003,0
10.70061,4.892723,22.281,49.94405,1.300014,70.70004,5.337459E-08
10.72739,4.892723,22.281,49.94405,0.1000141,72.60004,3.335058E-09
10.75349,4.892723,22.281,49.94405,359,74.00004,-5.336898E-08
10.77945,4.892723,22.281,49.94405,357.8,75.80004,-1.068004E-07
10.80441,4.892723,22.281,49.94405,356.9,77.40004,2.137562E-07
10.83039,4.892723,22.281,49.94405,356.3,78.40005,-2.138893E-07
10.85549,4.892723,22.281,49.94405,356,78.80004,0
10.88049,4.892723,22.281,49.94405,355.9,78.90005,-2.13991E-07
10.9056,4.892723,22.281,49.94405,355.8,79.10004,2.140182E-07
10.93043,4.892723,22.281,49.94405,355.8,79.10004,2.140182E-07
10.95537,4.892723,22.281,49.94405,355.5,79.30005,0
10.97957,4.892723,22.281,49.94405,355.5,79.30005,0
11.00438,4.892723,22.281,49.94405,355.3,79.40005,0
11.02927,4.892723,22.281,49.94405,355.3,79.40005,0
11.05449,4.892723,22.281,49.94405,355.3,79.40005,0
11.0783,4.892723,22.281,49.94405,355.3,79.40005,0
11.10339,4.892723,22.281,49.94405,355.3,79.40005,0
11.1275,4.892723,22.281,49.94405,355.3,79.40005,0
11.15253,4.892723,22.281,49.94405,355.3,79.40005,0
11.17727,4.892723,22.281,49.94405,355.3,79.40005,0
11.20138,4.892723,22.281,49.94405,355.3,79.40005,0
11.22631,4.892723,22.281,49.94405,355.3,79.40005,0
11.25034,4.892723,22.281,49.94405,355.3,79.40005,0
11.2754,4.892723,22.281,49.94405,355.3,79.40005,0
11.29941,4.892723,22.281,49.94405,355.3,79.40005,0
11.32462,4.892723,22.281,49.94405,355.1,79.00005,-4.284526E-07
11.34846,4.892723,22.281,49.94405,354.9,77.60005,-2.142918E-07
11.37339,4.892723,22.281,49.94405,354.6,75.50005,-2.143949E-07
11.39842,4.892723,22.281,49.94405,354.5,72.60005,0
11.42257,4.892723,22.281,49.94405,354.5,68.90005,0
11.44769,4.892723,22.281,49.94405,354.5,64.80005,0
11.47274,4.892723,22.281,49.94405,354.5,59.30005,0
11.49674,4.892723,22.281,49.94405,354.4,55.20005,0
11.52288,4.892723,22.281,49.94405,354.4,52.20005,-2.14467E-07
11.54867,4.892723,22.281,49.94405,354.4,50.50005,0
11.57373,4.892723,22.281,49.94405,354.4,49.90005,0
11.59965,4.892723,22.281,49.94405,354.3,49.70005,0
11.62573,4.892723,22.281,49.94405,354.3,49.70005,0
11.6516,4.892723,22.281,49.94405,354.3,49.70005,0
11.67865,4.892723,22.281,49.94405,354.3,49.70005,0
11.70566,4.892723,22.281,49.94405,354.3,49.70005,0
11.73265,4.892723,22.281,49.94405,354.3,49.70005,0
11.75859,4.892723,22.281,49.94405,354.3,49.70005,0
11.78567,4.892723,22.281,49.94405,354.3,49.70005,0
11.8128,4.892723,22.281,49.94405,354.3,49.70005,0
11.83968,4.892723,22.281,49.94405,354.3,49.70005,0
11.86569,4.953736,22.281,49.99579,354.3,49.70005,0
11.89283,5.075763,22.281,50.09928,354.3,49.70005,0
11.91969,5.136777,22.281,50.15102,354.3,49.70005,0
11.94558,5.19779,22.281,50.20276,354.3,49.70005,0
11.97283,5.319818,22.281,50.30625,354.3,49.70005,0
11.99864,5.380831,22.281,50.35799,354.3,49.70005,0
12.02478,5.441844,22.281,50.40974,354.3,49.70005,0
12.05054,5.563871,22.281,50.51322,354.3,49.70005,0
12.0767,5.624885,22.281,50.56496,354.3,49.70005,0
12.1026,5.685898,22.281,50.61671,354.3,49.70005,0
12.12854,5.807925,22.281,50.7202,354.3,49.70005,0
12.15455,5.868939,22.281,50.77194,354.3,49.70005,0
12.18044,5.929953,22.281,50.82368,354.3,49.70005,0
12.20673,5.990966,22.281,50.87542,354.3,49.70005,0
12.23151,6.112993,22.281,50.97891,354.3,49.70005,0
12.25643,6.174006,22.281,51.03065,354.3,49.70005,0
12.28241,6.23502,22.281,51.0824,354.3,49.70005,0
12.30738,6.296033,22.281,51.13414,354.3,49.70005,0
12.33141,6.296033,22.281,51.13414,354,50.00005,2.146191E-07
12.35643,6.296033,22.281,51.13414,353.7,50.70005,0
12.38153,6.296033,22.281,51.13414,353.6,51.50005,-2.147819E-07
12.40546,6.296033,22.281,51.13414,353.6,52.30005,0
12.43044,6.296033,22.281,51.13414,353.6,53.30005,0
12.45441,6.296033,22.281,51.13414,353.6,54.50005,0
12.47824,6.296033,22.281,51.13414,353.6,56.00005,0
12.50226,6.296033,22.281,51.13414,353.6,57.50005,0
12.52625,6.296033,22.281,51.13414,353.6,59.40005,-2.147819E-07
12.55031,6.296033,22.281,51.13414,353.6,61.70006,-2.147819E-07
12.57318,6.296033,22.281,51.13414,353.8,64.20005,0
12.59731,6.296033,22.281,51.13414,354.5,67.10005,-2.144306E-07
12.62136,6.296033,22.281,51.13414,355.4,70.10005,0
12.64437,6.296033,22.281,51.13414,356.5,73.40005,0
12.66717,6.296033,22.281,51.13414,357.8,76.10006,0
12.69129,6.296033,22.281,51.13414,359.1,78.30006,2.668372E-08
12.71431,6.296033,22.281,51.13414,0.2000136,79.70005,0
12.73827,6.296033,22.281,51.13414,0.8000137,80.30006,0
12.76237,6.296033,22.281,51.13414,1.400014,80.30006,0
12.78726,6.296033,22.281,51.13414,2.100014,80.30006,-1.067934E-07
12.81138,6.296033,22.281,51.13414,3.100013,80.10005,0
12.83531,6.296033,22.281,51.13414,4.200014,79.70006,0
12.85941,6.296033,22.281,51.13414,5.600014,79.30006,0
12.88444,6.296033,22.281,51.13414,7.100015,78.70006,-4.301855E-07
12.90927,6.296033,22.281,51.13414,8.300014,78.10005,-4.314055E-07
12.93438,6.296033,22.281,51.13414,8.900016,77.60006,0
12.95935,6.296033,22.281,51.13414,9.100015,77.40005,-4.323282E-07
12.98534,6.296033,22.281,51.13414,9.200014,77.20005,0
13.01034,6.296033,22.281,51.13414,9.300014,76.50005,0
13.03628,6.296033,22.281,51.13414,9.300014,75.20006,8.651454E-07
13.06229,6.296033,22.281,51.13414,9.100015,72.70005,0
13.08828,6.296033,22.281,51.13414,8.500014,68.40005,-4.316279E-07
13.11438,6.296033,22.281,51.13414,7.300014,60.10006,-2.151876E-07
13.13939,6.296033,22.281,51.13414,6.200014,53.10005,0
13.1656,6.296033,22.281,51.13414,5.200015,46.10005,0
13.19163,6.296033,22.281,51.13414,4.300015,39.90004,1.070229E-07
13.21768,6.296033,22.281,51.13414,3.900014,31.90005,-1.069694E-07
13.24604,6.296033,22.281,51.13414,4.000015,26.60005,0
13.27428,6.296033,22.281,51.13414,5.000015,21.90005,0
13.30375,6.296033,22.281,51.13414,7.100015,17.20005,2.150928E-07
13.33374,6.296033,22.281,51.13414,9.200015,13.60005,0
13.36617,6.296033,22.281,51.13414,10.60001,11.00005,-1.085745E-07
13.39808,6.296033,22.281,51.13414,12.30001,7.900045,0
13.43143,6.296033,22.281,51.13414,13.80002,4.900046,5.494694E-08
13.46697,6.296033,22.281,51.13414,15.40002,1.200046,1.383703E-08
13.50216,6.296033,22.281,51.13414,17.10001,356.7,0
13.53857,6.296033,22.281,51.13414,18.10002,353.2,1.122777E-07
13.57473,6.296033,22.281,51.13414,19.20002,349.1,1.130076E-07
13.61088,6.296033,22.281,51.13414,19.60002,346.0001,2.265715E-07
13.64685,6.296033,22.281,51.13414,19.20002,343.2,0
13.68493,6.296033,22.281,51.13414,18.00002,343.0001,-2.244277E-07
13.72072,6.296033,22.281,51.13414,18.00002,343.0001,-2.244277E-07
13.75783,6.296033,22.281,51.13414,18.00002,343.0001,-2.244277E-07
13.79391,6.296033,22.281,51.13414,18.00002,343.0001,-2.244277E-07
13.83097,6.296033,22.281,51.13414,18.00002,343.0001,-2.244277E-07
13.86702,6.296033,22.281,51.13414,18.00002,343.0001,-2.244277E-07
13.90387,6.296033,22.281,51.13414,18.00002,343.0001,-2.244277E-07
13.93972,6.296033,22.281,51.13414,18.00002,343.0001,-2.244277E-07
13.97714,6.296033,22.281,51.13414,18.20001,342.4001,0
14.01333,6.296033,22.281,51.13414,19.00002,338.8,0
14.04978,6.296033,22.281,51.13414,19.50002,335.2,0
14.08645,6.296033,22.281,51.13414,20.00002,330.2,0
14.12335,6.296033,22.281,51.13414,20.00002,323.6,-4.542835E-07
14.15957,6.296033,22.281,51.13414,20.00002,313.3,4.542835E-07
14.19557,6.296033,22.281,51.13414,20.00002,303.1,0
14.23146,6.296033,22.281,51.13414,20.00002,295.4,0
14.26453,6.296033,22.281,51.13414,20.00002,289.3,0
14.30016,6.296033,22.281,51.13414,20.00002,286.0001,9.085669E-07
14.32899,6.296033,22.281,51.13414,20.00002,284.3,0
14.35817,6.296033,22.281,51.13414,20.00002,284.2,0
14.38724,6.218582,22.281,51.15417,19.30002,284.5001,0
14.41515,6.064034,22.281,51.19558,18.70002,285.0001,9.01356E-07
14.44331,5.98676,22.281,51.21629,18.60002,285.0001,9.008252E-07
14.47211,5.832211,22.281,51.2577,18.60002,285.0001,9.008252E-07
14.50032,5.754937,22.281,51.2784,18.60002,285.0001,9.008252E-07
14.52742,5.6777,22.281,51.29924,18.40002,285.1,-8.997736E-07
14.55446,5.523297,22.281,51.34119,18.20002,285.2001,8.987356E-07
14.58116,5.446132,22.281,51.3623,18.10002,285.3,-1.796443E-06
14.60826,5.368968,22.281,51.38342,18.00002,285.3,0
14.63502,5.214713,22.281,51.4259,17.90002,285.4001,0
14.66141,5.137622,22.281,51.44728,17.60002,285.5001,0
14.68813,5.060607,22.281,51.46893,17.40002,285.7,0
14.71614,4.906576,22.281,51.51223,17.40002,285.7,0
14.74321,4.829561,22.281,51.53387,17.40002,285.7,0
14.77045,4.67553,22.67315,51.57717,17.40002,285.7,0
14.79755,4.598591,22.85745,51.59909,17.10002,285.9001,0
14.8242,4.521729,23.03391,51.62127,16.80002,286.1001,0
14.85139,4.36816,23.36328,51.66618,16.60002,286.3,0
14.87819,4.291376,23.51619,51.68863,16.60002,286.3,0
14.90495,4.214591,23.66125,51.71109,16.60002,286.3,0
14.93234,4.179081,23.92784,51.82211,16.60002,286.3,0
14.96004,4.102297,24.04936,51.84456,16.60002,286.3,0
14.98734,4.025513,24.16303,51.86701,16.60002,286.3,0
15.01432,3.871944,24.36683,51.91192,16.60002,286.3,0
15.04116,3.79516,24.45696,51.93437,16.60002,286.3,0
15.06801,3.718375,24.53924,51.95683,16.60002,286.3,0
15.09593,3.564806,24.68026,52.00173,16.60002,286.3,0
15.1234,3.488181,24.73899,52.02472,16.60002,286.7001,8.909043E-07
15.15139,3.335091,24.83292,52.07123,16.60002,286.9001,-8.909044E-07
15.17932,3.335091,24.86811,52.07123,16.70003,287.0001,0
15.20603,3.335091,24.89546,52.07123,16.80003,287.1,0
15.23313,3.335091,24.9266,52.07123,17.20002,287.2001,0
15.26008,3.335091,24.9304,52.07123,18.10003,287.2,-1.796443E-06
15.28701,3.335091,24.92635,52.07123,19.20003,287.0001,-9.040609E-07
15.31397,3.335091,24.89471,52.07123,20.70003,286.4001,0
15.34146,3.335091,24.86712,52.07123,23.40003,285.0001,0
15.36981,3.335091,24.78839,52.07123,26.90003,284.0001,0
15.39683,3.335091,24.73726,52.07123,34.00003,284.2001,0
15.42582,3.335091,24.67827,52.07123,40.00004,285.1,-2.229046E-06
15.45483,3.335091,24.53676,52.07123,46.50003,286.5001,0
15.48446,3.335091,24.45423,52.07123,49.20002,286.9001,0
15.51557,3.335091,24.26563,52.07123,50.90004,287.0001,2.70749E-06
15.54682,3.335091,24.15956,52.07123,51.60004,286.3,0
15.57614,3.335091,23.92387,52.07123,51.80004,285.2,2.761198E-06
15.60614,3.335091,23.79426,52.07123,52.20003,284.2,0
15.63703,3.335091,23.78108,52.07123,52.50005,283.7,2.804954E-06
15.66635,3.335091,23.78108,52.07123,53.00003,283.1,0
15.69531,3.335091,23.78108,52.07123,53.20003,282.9,-2.850553E-06
15.72485,3.335091,23.78108,52.07123,53.30004,282.8,0
15.7539,3.335091,23.78108,52.07123,53.30004,282.8,0
15.78335,3.335091,23.78108,52.07123,53.20004,282.7,2.850553E-06
15.811,3.335091,23.78108,52.07123,53.00003,282.9001,0
15.83996,3.335091,23.78108,52.07123,52.60004,282.9001,0
15.86879,3.335091,23.78108,52.07123,51.90005,282.9,-2.76734E-06
15.89838,3.335091,23.78108,52.07123,51.40004,282.9001,2.736984E-06
15.92668,3.335091,23.78108,52.07123,50.80004,282.9001,-2.701692E-06
15.95599,3.335091,23.78108,52.07123,50.40005,282.8,0
15.98506,3.335091,23.78108,52.07123,49.70004,282.6,0
16.01399,3.335091,23.78108,52.07123,49.30003,282.5001,0
16.043,3.335091,23.78108,52.07123,49.20005,282.5001,0
16.07236,3.335091,23.78108,52.07123,49.00005,282.5,-2.602736E-06
16.10138,3.335091,23.78108,52.07123,48.70005,282.4,-2.587188E-06
16.13026,3.335091,23.78108,52.07123,48.50004,282.3,-2.576965E-06
16.15893,3.335091,23.78108,52.07123,48.40004,282.2,0
16.18926,3.335091,23.78108,52.07123,48.30004,282.2,-2.566853E-06
16.21809,3.335091,23.78108,52.07123,48.10003,282.1,0
16.24738,3.335091,23.78108,52.07123,47.70004,281.9,0
16.2761,3.335091,23.78108,52.07123,47.40004,281.8,-2.52269E-06
16.3053,3.335091,23.78108,52.07123,47.20003,281.7001,-2.513165E-06
16.33439,3.335091,23.78108,52.07123,46.90004,281.6,0
16.36312,3.335091,23.78108,52.07123,46.70005,281.5001,-2.489797E-06
16.39236,3.335091,23.78108,52.07123,46.30004,281.4001,-2.471547E-06
16.42113,3.335091,23.78108,52.07123,46.10003,281.3,2.462567E-06
16.45033,3.335091,23.78108,52.07123,45.60004,281.2,0
16.47935,3.335091,23.78108,52.07123,44.70004,280.9001,0
16.50837,3.25643,23.781,52.08581,43.90004,280.5001,2.369781E-06
16.53638,3.098959,23.78085,52.11414,43.20005,280.2001,0
16.56629,3.089611,23.78082,52.12804,42.60004,280.0001,2.319732E-06
16.59506,3.07851,23.78077,52.15554,42.10005,279.9001,-2.301353E-06
16.62419,3.072953,23.78074,52.16903,41.60004,279.7001,0
16.65307,3.061831,23.7807,52.19571,41.00003,279.6,0
16.68197,3.056264,23.78067,52.20891,40.60003,279.5001,-2.24893E-06
16.71021,3.045119,23.78062,52.23477,40.30004,279.3,2.238913E-06
16.73923,3.039544,23.7806,52.2477,40.00004,279.3,-2.229046E-06
16.76706,3.033965,23.78058,52.26049,39.60004,279.2001,0
16.79612,3.020691,23.78053,52.28683,39.40004,279.2,0
16.82541,3.008272,23.78049,52.30234,39.00004,279.1,0
16.85418,2.962577,23.78041,52.33977,38.80004,279.1,0
16.88429,2.925148,23.78034,52.36122,38.50005,279.1,2.181868E-06
16.91278,2.802326,23.77136,52.39998,38.20004,279.1,0
16.94176,2.73237,23.7498,52.41956,37.80005,279.1,-2.161029E-06
16.9712,2.575288,23.74489,52.44663,37.50005,279.1,2.152317E-06
17.0006,2.496318,23.74489,52.45942,37.20004,279.2,0
17.02944,2.338421,23.74489,52.48528,36.90004,279.3,-2.135277E-06
17.05792,2.259472,23.74489,52.4982,36.90004,279.3,-2.135277E-06
17.088,2.180547,23.74489,52.51127,36.80003,279.4001,0
17.11581,2.022741,23.74489,52.53768,36.50004,279.5,-2.124194E-06
17.1444,1.943908,23.74489,52.5513,36.10004,279.8,0
17.17295,1.786437,23.74489,52.57963,35.70004,280.2,2.102676E-06
17.20063,1.707777,23.74489,52.59421,35.30003,280.5001,0
17.22784,1.629247,23.75179,52.60947,34.80004,281.0001,0
17.25465,1.472403,23.78043,52.6411,34.20005,281.4001,0
17.28051,1.394123,23.78121,52.65759,33.50004,281.9001,-2.0477E-06
17.30767,1.315989,23.78131,52.67477,32.60004,282.4,0
17.33342,1.159903,23.78152,52.70995,32.00004,282.7,0
17.3604,1.081954,23.78162,52.72794,31.40004,283.0001,0
17.38643,1.004132,23.78172,52.74648,30.50005,283.4001,9.908834E-07
17.41349,0.8485528,23.78193,52.78384,30.10004,283.5001,9.868492E-07
17.43905,0.7707959,23.78204,52.80265,29.60005,283.6,0
17.46546,0.6930391,23.78214,52.82146,29.60005,283.6,0
17.49035,0.5375254,23.78235,52.85908,29.40005,283.6,9.799821E-07
17.51595,0.4597358,23.78246,52.87776,29.20005,283.5001,0
17.54126,0.3819138,23.78256,52.8963,29.00005,283.4,9.761659E-07
17.56597,0.3040596,23.78267,52.9147,28.70005,283.3,0
17.59099,0.1481604,23.78287,52.9507,28.20005,283.0001,9.687627E-07
17.61722,0.07014854,23.78297,52.96842,27.50005,282.8,-1.925059E-06
17.64223,-0.007985204,23.78308,52.9856,25.70004,282.4,0
17.66706,-0.007985205,23.78308,52.9856,24.30005,282.2,0
17.6918,-0.007985205,23.78308,52.9856,23.00005,282.2,1.855012E-06
17.71681,-0.007985205,23.78308,52.9856,21.60005,282.0001,-9.182571E-07
17.74097,-0.007985205,23.78308,52.9856,20.20005,281.8,9.097285E-07
17.76474,-0.007985205,23.78308,52.9856,18.50005,281.8,0
17.7887,-0.007985205,23.78308,52.9856,16.70005,281.8,0
17.8125,-0.007985205,23.78308,52.9856,14.50004,281.8,4.409316E-07
17.83681,-0.007985205,23.78308,52.9856,11.60005,281.8,-4.357877E-07
17.86065,-0.007985205,23.78308,52.9856,8.500044,281.9001,0
17.88376,-0.007985205,23.78308,52.9856,5.900044,282.3,-2.145801E-07
17.90658,-0.007985205,23.78308,52.9856,3.500044,282.9001,0
17.93061,-0.007985205,23.78308,52.9856,1.500044,283.6,5.337915E-08
17.95268,-0.007985205,23.78308,52.9856,359.8,284.3,6.670147E-09
17.97569,-0.007985205,23.78308,52.9856,358.3,285.4001,-5.338435E-08
17.9987,-0.007985205,23.78308,52.9856,357.6,286.8,0
18.02081,-0.007985205,23.78308,52.9856,357.4001,287.4001,0
18.04282,-0.007985205,23.78308,52.9856,356.8,288.5001,-1.068884E-07
18.06458,-0.007985205,23.78308,52.9856,356.8,288.8,-1.068884E-07
18.08657,-0.007985205,23.78308,52.9856,356.8,288.8,-1.068884E-07
18.10965,-0.007985205,23.78308,52.9856,356.8,288.8,-1.068884E-07
18.13185,-0.007985205,23.78308,52.9856,356.8,288.8,-1.068884E-07
18.15367,-0.007985205,23.78308,52.9856,356.8,288.8,-1.068884E-07
18.17562,-0.007985205,23.78308,52.9856,356.8,288.8,-1.068884E-07
18.19855,-0.007985205,23.78308,52.9856,356.8,288.8,-1.068884E-07
18.22069,-0.007985205,23.78308,52.9856,356.8,288.8,-1.068884E-07
18.24292,-0.007985205,23.78308,52.9856,356.8,288.8,-1.068884E-07
18.2648,-0.007985205,23.78308,52.9856,356.8,288.7,0
18.28695,-0.007985205,23.78308,52.9856,356.8,288.8,-1.068884E-07
18.30892,-0.007985205,23.78308,52.9856,356.8,288.7,0
18.33192,-0.007985205,23.78308,52.9856,356.8,289.0001,1.068884E-07
18.35394,-0.007985205,23.78308,52.9856,355.9001,290.1,0
18.37683,-0.007985205,23.78308,52.9856,353.9001,291.5,4.293176E-07
18.3987,-0.007985205,23.78308,52.9856,351.2,293.2,4.319718E-07
18.42048,-0.007985205,23.78308,52.9856,348.9001,294.8,-4.350249E-07
18.44206,-0.007985205,23.78308,52.9856,344.9001,297.7,4.421531E-07
18.46392,-0.007985205,23.78308,52.9856,341.5,301.1,-9.002975E-07
18.48553,-0.007985205,23.78308,52.9856,338.6,305.9001,0
18.50665,-0.007985205,23.78308,52.9856,337,309.5,0
18.52324,-0.007985205,23.78308,52.9856,335.1,315.3,-9.412698E-07
18.54318,-0.007985205,23.78308,52.9856,334.6,318.9001,0
18.56314,-0.007985205,23.78308,52.9856,333.9001,323.8,0
18.57509,-0.007985205,23.78308,52.9856,333.5001,326.7,0
18.58703,-0.007985205,23.78308,52.9856,333.3,328.2,0
18.59795,-0.007985205,23.78308,52.9856,332.9001,330.8,0
18.61002,-0.007985205,23.78308,52.9856,332.7,332.1,0
18.62095,-0.007985205,23.78308,52.9856,332.7,334.5,0
18.63194,-0.007985205,23.78308,52.9856,332.7,335.7,0
18.64302,-0.007985205,23.78308,52.9856,332.7,337.7,4.803943E-07
18.65401,-0.007985205,23.78308,52.9856,332.8,338.6,0
18.66601,-0.007985205,23.78308,52.9856,333,339.4001,0
18.67697,-0.007985205,23.78308,52.9856,333.2,340.8,0
18.68801,-0.007985205,23.78308,52.9856,333.2,341.5,0
18.69893,-0.007985205,23.78308,52.9856,333.4001,342.9,0
18.71004,-0.007985205,23.78308,52.9856,333.5,343.6,0
18.72091,-0.007985205,23.78308,52.9856,333.5,344.3,0
18.73204,-0.007985205,23.78308,52.9856,333.7,345.7,-2.380887E-07
18.74297,-0.007985205,23.78308,52.9856,333.9,346.5,2.376802E-07
18.7543,-0.007985205,23.78308,52.9856,334,347.2,0
18.76592,-0.007985205,23.78308,52.9856,334.4,348.7,0
18.77695,-0.007985205,23.78308,52.9856,334.7,349.6,0
18.788,-0.007985205,23.78308,52.9856,335.5,351.4001,0
18.80017,-0.007985205,23.78308,52.9856,335.9,352.5,1.169124E-07
18.81193,-0.007985205,23.78308,52.9856,337,355.1,1.159382E-07
18.82294,-0.007985205,23.78308,52.9856,337.5,356.5,0
18.83496,-0.007985205,23.78308,52.9856,338.1,358.2,0
18.84709,-0.007985205,23.78308,52.9856,339,1.400043,2.85786E-08
18.85993,-0.007985205,23.78308,52.9856,339.2,3.100043,-5.708106E-08
18.87179,-0.007985205,23.78308,52.9856,339.7,6.300043,1.137892E-07
18.8848,-0.007985205,23.78308,52.9856,340.3,9.300043,0
18.89671,-0.007985205,23.78308,52.9856,340.8,10.80004,-1.130076E-07
18.90767,-0.007985205,23.78308,52.9856,341.6,13.90004,2.249433E-07
18.91973,-0.007985205,23.78308,52.9856,342.1,15.30005,-2.243008E-07
18.93164,-0.007985205,23.78308,52.9856,342.9,17.80005,-2.233155E-07
18.94635,-0.007985205,23.78308,52.9856,343.3,19.00004,2.228423E-07
18.95702,-0.007985205,23.78308,52.9856,343.9,21.40005,0
18.96884,-0.007985205,23.78308,52.9856,344.2,22.40005,0
18.9939,-0.007985205,23.78308,52.9856,344.8,24.20005,-2.21181E-07
19.01783,-0.007985205,23.78308,52.9856,346,26.50005,0
19.04084,-0.007985205,23.78308,52.9856,347,28.80005,0
19.06367,-0.007985205,23.78308,52.9856,347.8,30.20005,0
19.08657,-0.007985205,23.78308,52.9856,348.2,30.80005,0
19.10877,-0.007985205,23.78308,52.9856,348.8,30.80005,-2.175873E-07
19.13159,-0.007985205,23.78308,52.9856,350.9,30.80005,0
19.15375,-0.007985205,23.78308,52.9856,353.8,30.30005,-1.073496E-07
19.17685,-0.007985205,23.78308,52.9856,358.4,29.70004,2.669083E-08
19.20074,-0.007985205,23.78308,52.9856,3.900038,29.30004,0
19.2269,-0.007985205,23.78308,52.9856,8.400038,29.30004,0
19.25363,-0.007985205,23.78308,52.9856,11.50004,30.10005,2.178162E-07
19.28068,-0.007985205,23.78308,52.9856,13.30004,31.00005,2.19326E-07
19.30861,-0.007985205,23.78308,52.9856,13.90004,31.60004,-4.397647E-07
19.33857,-0.007985205,23.78308,52.9856,13.80004,31.80004,0
19.36772,-0.007985205,23.78308,52.9856,13.60004,31.90004,2.196008E-07
19.39745,-0.007985205,23.78308,52.9856,13.50004,31.90004,0
19.42659,-0.007985205,23.78308,52.9856,13.50004,31.90004,0
19.45553,-0.007985205,23.78308,52.9856,13.50004,31.90004,0
19.48461,-0.007985205,23.78308,52.9856,14.20004,31.70004,0
19.51275,-0.007985205,23.78308,52.9856,15.00003,31.50004,-4.419459E-07
19.54177,-0.007985205,23.78308,52.9856,15.50004,31.30004,0
19.57071,-0.007985205,23.78308,52.9856,15.50004,31.30004,0
19.59978,-0.007985205,23.78308,52.9856,15.60004,31.10004,-4.432137E-07
19.62979,0.07299459,23.77582,53.12355,14.90004,30.40005,-4.417399E-07
19.65879,0.1134275,23.75908,53.19158,14.50004,30.00005,0
19.68875,0.1971266,23.69782,53.31783,14.20004,29.60005,4.403413E-07
19.71765,0.2416966,23.65486,53.37296,14.10004,29.10004,-2.200738E-07
19.74773,0.2892393,23.60549,53.42087,14.00004,28.80004,0
19.77668,0.3784327,23.5805,53.53036,13.90004,28.20004,0
19.80666,0.4155979,23.58954,53.60061,13.70003,27.50004,2.196939E-07
19.83562,0.4886897,23.60772,53.7418,13.60004,27.00004,0
19.86269,0.5246013,23.61684,53.8127,13.30004,26.50005,-2.19326E-07
19.89064,0.5956833,23.63514,53.95489,13.20004,26.20004,-2.192359E-07
19.91746,0.6310956,23.64429,54.02604,13.10004,26.10004,2.191465E-07
19.94368,0.666256,23.65346,54.09731,13.00004,25.90004,0
19.9696,0.666256,23.65346,54.09731,12.90003,25.60004,0
19.99554,0.666256,23.65346,54.09731,12.70003,25.30004,0
20.02266,0.666256,23.65346,54.09731,12.60004,24.90004,-2.187107E-07
20.04878,0.666256,23.65346,54.09731,12.40004,24.40004,-2.185415E-07
20.07474,0.666256,23.85346,54.09731,12.30004,23.90004,0
20.10077,0.666256,24.04561,54.09731,12.20004,23.40004,0
20.1258,0.6973343,24.22991,54.17044,12.00004,22.70004,0
20.15202,0.7575303,24.57498,54.31868,11.90004,22.10004,0
20.17694,0.7864603,24.73574,54.39327,11.80004,21.20004,2.180514E-07
20.20288,0.814477,24.88865,54.4682,11.60004,20.50004,0
20.22794,0.8419698,25.03371,54.54333,11.60004,20.10004,0
20.25174,0.896168,25.3003,54.69387,11.60004,19.80004,0
20.27563,0.9231357,25.32,54.76919,11.60004,19.70004,0
20.29841,0.9501033,25.32,54.84451,11.60004,19.70004,0
20.32056,0.977071,25.32,54.91983,11.60004,19.70004,0
20.34151,1.004039,25.32,54.99514,11.60004,19.70004,0
20.36246,1.031006,25.32,55.07046,11.60004,19.70004,0
20.38447,1.057974,25.32,55.14578,11.60004,19.70004,0
20.40525,1.084942,25.32,55.2211,11.60004,19.70004,0
20.42736,1.111909,25.32,55.29641,11.60004,19.70004,0
20.44852,1.165319,25.32,55.44724,11.50004,19.50004,2.178162E-07
20.47035,1.191628,25.32,55.52279,11.40004,19.20004,-2.177392E-07
20.4916,1.217937,25.32,55.59834,11.40004,19.20004,-2.177392E-07
20.51249,1.243983,25.32,55.67398,11.30004,19.00004,0
20.53325,1.270028,25.32,55.74962,11.30004,19.00004,0
20.55435,1.296074,25.32,55.82526,11.30004,19.00004,0
20.57517,1.321723,25.32,55.90104,11.10004,18.70004,-1.087563E-07
20.59629,1.34724,25.31595,55.97686,11.00004,18.60004,-1.087192E-07
20.61721,1.372624,25.30406,56.05273,10.90004,18.50004,0
20.63825,1.397876,25.28431,56.12864,10.80004,18.40004,-1.086461E-07
20.65926,1.422996,25.25672,56.20459,10.80004,18.30004,0
20.68023,1.447717,25.22128,56.28067,10.60004,18.00004,2.17149E-07
20.70026,1.472173,25.17799,56.35685,10.50004,17.80004,1.085392E-07
20.72135,1.496495,25.12686,56.43306,10.40004,17.70004,0
20.7414,1.520552,25.06787,56.50935,10.30004,17.50004,0
20.76231,1.544475,25.00104,56.58569,10.30004,17.40004,1.084697E-07
20.7823,1.567999,24.92636,56.66216,10.10004,17.10004,1.084016E-07
20.8024,1.591255,24.84383,56.7387,10.10004,16.90004,0
20.82244,1.613574,24.75346,56.81553,10.00004,16.20004,-1.083681E-07
20.84239,1.635222,24.65523,56.89254,9.900039,15.70004,-1.083349E-07
20.86339,1.655793,24.54916,56.96985,9.800038,14.90004,0
20.88422,1.675418,24.43524,57.04741,9.60004,14.20004,-1.082375E-07
20.90545,1.694636,24.31347,57.12506,9.600039,13.90004,1.082375E-07
20.92736,1.713312,24.18386,57.20285,9.500038,13.50004,1.082057E-07
20.94834,1.742713,24.04639,57.24805,9.500038,13.50004,1.082057E-07
20.97025,1.791249,24.07049,57.36342,9.500038,13.50004,1.082057E-07
20.99143,1.812283,24.10072,57.43142,9.500038,13.50004,1.082057E-07
21.01227,1.832051,24.12078,57.5044,9.500038,13.50004,1.082057E-07
21.03315,1.851058,24.12963,57.58068,9.500038,13.50004,1.082057E-07
21.05419,1.869747,24.13,57.65841,9.500038,13.50004,1.082057E-07
21.07416,1.888423,24.13,57.73619,9.500038,13.50004,1.082057E-07
21.09516,1.906963,24.13,57.81401,9.500039,13.40004,0
21.11621,1.925095,24.13,57.89193,9.500039,13.10004,0
21.13633,1.942683,24.13,57.96998,9.500037,12.70004,-1.082057E-07
21.1573,1.959042,24.13,58.04829,9.500037,11.80004,-1.082057E-07
21.17719,1.974033,24.13,58.12687,9.500038,10.80004,0
21.19826,1.985858,24.13,58.20599,9.500037,8.50004,5.410284E-08
21.21828,1.994637,24.13,58.28551,9.500037,6.300039,0
21.23762,1.996591,24.13,58.36548,9.500037,1.400039,0
21.2576,1.993381,24.13,58.44542,9.60004,357.7,0
21.28114,1.981556,24.13,58.52454,10.50004,351.5,5.426961E-08
21.29304,1.961526,24.13,58.60199,11.20004,345.5,-1.087937E-07
21.30706,1.961526,24.13,58.60199,11.50004,343.7,-1.089081E-07
21.32925,1.907853,24.12721,58.75272,12.00004,340.4,0
21.35271,1.874907,24.11407,58.82521,12.60004,335.8,2.187107E-07
21.37553,1.836147,24.09126,58.89297,13.20004,331.8,0
21.39988,1.791762,24.06046,58.95437,13.80004,328.4,4.395756E-07
21.42177,1.741397,24.02397,59.00788,14.80004,325.1,4.415355E-07
21.44494,1.741397,24.02397,59.00788,15.40004,322.9,4.427849E-07
21.46885,1.741397,24.02397,59.00788,16.40004,319.3,0
21.49205,1.741397,24.02397,59.00788,17.90004,316.9,-4.486017E-07
21.51595,1.741397,24.02397,59.00788,19.10004,315.5,0
21.54004,1.741397,24.02397,59.00788,20.40004,313.6,0
21.56404,1.741397,24.02397,59.00788,21.70004,311.4,-9.188934E-07
21.58835,1.741397,24.02397,59.00788,22.90003,309.3,0
21.61223,1.741397,24.02397,59.00788,24.10004,307.5,0
21.63654,1.741397,24.02397,59.00788,24.60004,305.9,0
21.66158,1.741397,24.02397,59.00788,24.60003,304.6,0
21.68648,1.741397,24.02397,59.00788,24.60004,303.4,0
21.71249,1.741397,24.02397,59.00788,24.40004,301,-9.375087E-07
21.73757,1.741397,24.02397,59.00788,23.80004,296.6,0
21.76361,1.741397,24.02397,59.00788,23.30004,293.6,9.295848E-07
21.7894,1.741397,24.02397,59.00788,22.90004,290.4,0
21.81448,1.741397,24.02397,59.00788,22.40004,287.1,0
21.84069,1.741397,24.02397,59.00788,22.00004,284.1,-9.208247E-07
21.86704,1.741397,24.02397,59.00788,21.50004,281,-9.176243E-07
21.89245,1.741397,24.02397,59.00788,21.30004,279,-9.163699E-07
21.91847,1.741397,24.02397,59.00788,20.90004,276.8,-9.139047E-07
21.94484,1.741397,24.02397,59.00788,20.50004,273.4,9.11497E-07
21.97105,1.741397,24.02397,59.00788,20.30003,269.2,0
21.99663,1.741397,24.02397,59.00788,20.30003,266.7,9.103143E-07
22.02252,1.741397,24.02397,59.00788,20.40004,264.6,9.109039E-07
22.04865,1.741397,24.02397,59.00788,20.80003,263.4,0
22.07486,1.741397,24.02397,59.00788,21.00003,262.6,9.145155E-07
22.10075,1.741397,24.02397,59.00788,21.10003,262.2,0
22.1265,1.741397,24.02397,59.00788,21.10004,261.8,0
22.1529,1.741397,24.02397,59.00788,21.10003,261.2,0
22.17892,1.741397,24.02397,59.00788,21.10004,260.6,0
22.20363,1.741397,24.02397,59.00788,21.10004,260.5001,0
22.2296,1.741397,24.02397,59.00788,21.10004,260.3,9.1513E-07
22.2561,1.741397,24.02397,59.00788,21.10004,260.0001,-9.1513E-07
22.28065,1.741397,24.02397,59.00788,21.00003,259.4001,9.145156E-07
22.30659,1.741397,24.02397,59.00788,21.00004,259.3,0
22.33274,1.741397,24.02397,59.00788,20.90004,259.2,9.139046E-07
22.3589,1.741397,24.02397,59.00788,20.90004,259.2,9.139046E-07
22.3836,1.741397,24.02397,59.00788,20.90004,259.2,9.139046E-07
22.40976,1.741397,24.02397,59.00788,20.80003,259.3,-9.132975E-07
22.4348,1.741397,24.02397,59.00788,20.70004,259.5,-1.825387E-06
22.4606,1.741397,24.02397,59.00788,20.60004,260.3,0
22.48585,1.741397,24.02397,59.00788,20.60004,261.5001,0
22.51184,1.741397,24.02397,59.00788,20.60003,262.7,0
22.53759,1.741397,24.02397,59.00788,21.00004,264.9,0
22.56394,1.741397,24.02397,59.00788,21.90004,267.5,0
22.58894,1.741397,24.02397,59.00788,22.70004,270.3,-9.254618E-07
22.61504,1.741397,24.02397,59.00788,23.20004,273,0
22.64196,1.741397,24.02397,59.00788,23.70004,276.9,0
22.6677,1.741397,24.02397,59.00788,23.80004,279.9,0
22.69379,1.741397,24.02397,59.00788,23.80004,283.4,0
22.72091,1.741397,24.02397,59.00788,23.80004,286.8,-9.331274E-07
22.7467,1.741397,24.02397,59.00788,23.40004,292.9,0
22.77234,1.741397,24.02397,59.00788,22.70004,298.2,0
22.79821,1.741397,24.02397,59.00788,22.30004,302.7,-9.227895E-07
22.8236,1.741397,24.02397,59.00788,22.30003,306.5,9.227895E-07
22.85027,1.608314,23.96054,59.07515,22.90004,311.4,0
22.87499,1.540815,23.92522,59.10354,23.30004,313.9,0
22.90094,1.472178,23.88881,59.12781,23.40005,315.4,0
22.92486,1.401892,23.85286,59.14759,23.40004,316.4,0
22.9498,1.255564,23.78822,59.17431,23.40004,317,-9.302856E-07
22.97382,1.179862,23.76115,59.1825,23.30004,317.2,0
22.99769,1.102911,23.73785,59.18823,23.30004,317.3,9.295849E-07
23.02176,1.025013,23.71819,59.19216,23.30004,317.3,9.295849E-07
23.04675,0.9464354,23.70185,59.19481,23.30004,317.3,9.295849E-07
23.07096,0.7880211,23.67735,59.19775,23.30004,317.3,9.295849E-07
23.09479,0.7084039,23.66878,59.19849,22.90004,316,0
23.11891,0.6286402,23.66207,59.19897,22.50004,314.8,0
23.14322,0.5487801,23.65694,59.19928,21.90004,312.7,0
23.16697,0.4688677,23.65289,59.19948,21.20004,311,9.157482E-07
23.19206,0.4688677,23.65289,59.19948,20.50005,309.4,0
23.21598,0.4688677,23.65289,59.19948,19.70005,307.5,0
23.24104,0.4688677,23.65289,59.19948,18.30005,304.2,0
23.26493,0.4688677,23.65289,59.19948,16.80004,299,8.918378E-07
23.29,0.4688677,23.65289,59.19948,15.90004,294.1,-8.877375E-07
23.31399,0.4688677,23.65289,59.19948,15.00004,288.9,0
23.33905,0.4688677,23.65289,59.19948,13.60004,283.9,-4.392017E-07
23.36417,0.4688677,23.65289,59.19948,12.00004,279.8,0
23.38917,0.4688677,23.65289,59.19948,10.30004,276.5,-4.338788E-07
23.41312,0.4688677,23.65289,59.19948,8.900043,274.1,0
23.43713,0.4688677,23.65289,59.19948,8.100041,272.7,0
23.46111,0.4688677,23.65289,59.19948,7.300041,271.9,0
23.48418,0.4688677,23.65289,59.19948,6.900043,271.7,-4.300012E-07
23.50703,0.4688677,23.65289,59.19948,6.600043,271.7,2.148674E-07
23.52909,0.4688677,23.65289,59.19948,6.500043,271.6,0
23.5521,0.4688677,23.65289,59.19948,6.300043,271.3,4.294805E-07
23.57527,0.4688677,23.65289,59.19948,6.300043,270.6,0
23.59723,0.4688677,23.65289,59.19948,6.300043,269.6,4.294805E-07
23.61995,0.4688677,23.65289,59.19948,6.300043,269.3,-4.294805E-07
23.64217,0.3888676,23.65294,59.19947,6.300043,269.3,-4.294805E-07
23.66534,0.3088677,23.65297,59.19947,6.300044,269.5,-2.147402E-07
23.68702,0.2288678,23.6528,59.19948,6.700043,272.6,0
23.70886,0.06887182,23.65166,59.19953,8.000045,278.9,0
23.73071,-0.01112352,23.65078,59.19957,9.200044,284,4.324498E-07
23.75368,-0.09111368,23.64949,59.19962,11.20004,290.7,0
23.777,-0.171098,23.64783,59.19968,13.00004,296.9,0
23.79981,-0.2510769,23.6459,59.19975,14.70005,302.8,0
23.825,-0.3310527,23.6438,59.19981,16.10005,307.8,-8.886265E-07
23.84878,-0.4910114,23.63986,59.19991,17.20005,311.6,-4.468718E-07
23.87298,-0.5709955,23.63813,59.19994,18.10005,315.6,0
23.89771,-0.6509804,23.63641,59.19996,18.60005,320.3,0
23.92163,-0.7309662,23.63464,59.19998,18.70005,325.5001,-4.506781E-07
23.94562,-0.8109549,23.63294,59.19999,18.70005,330.4001,-4.506781E-07
23.96964,-0.970946,23.63078,59.2,18.70005,335.3,0
23.99436,-1.050946,23.63065,59.2,18.70005,340.1,0
24.01854,-1.130946,23.63065,59.2,18.70005,345.0001,-2.253391E-07
24.04234,-1.210946,23.43065,59.2,18.00005,349.9001,1.122139E-07
24.06509,-1.218891,23.4228,59.27961,17.40005,354.3,0
24.08616,-1.220567,23.4071,59.35959,16.70005,358.8,0
24.10991,-1.215261,23.35217,59.5195,16.10005,1.900046,2.776958E-08
24.13146,-1.206066,23.31293,59.59897,15.30005,6.600046,5.53216E-08
24.14611,-1.206066,23.31293,59.59897,14.30005,11.50005,0
24.16713,-1.185631,23.26584,59.67632,13.50005,14.80005,-1.097542E-07
24.189,-1.131695,23.14812,59.82695,12.20005,19.70005,0
24.20997,-1.100565,23.07749,59.90065,11.20005,22.90005,0
24.23091,-1.063625,22.99901,59.97161,9.700048,27.50005,0
24.2508,-1.021707,22.91268,60.03975,8.400049,31.60005,4.31516E-07
24.27087,-0.9766244,22.8185,60.10583,7.600049,34.30005,2.15335E-07
24.2907,-0.9272615,22.71648,60.16879,6.900049,38.10005,2.150006E-07
24.30964,-0.8756248,22.60661,60.22989,6.400049,40.20005,0
24.32858,-0.8223022,22.48889,60.28953,5.90005,41.80005,0
24.34741,-0.8223022,22.48889,60.28953,5.300049,43.90005,0
24.3654,-0.7655364,22.36332,60.3459,4.90005,45.20005,-1.071132E-07
24.38459,-0.7078923,22.281,60.40137,4.70005,46.10006,2.141636E-07
24.40262,-0.6490991,22.281,60.45562,4.30005,47.30005,0
24.42053,-0.5895541,22.281,60.50905,3.900049,48.10006,1.069694E-07
24.43848,-0.5293609,22.281,60.56174,3.60005,48.80005,1.069327E-07
24.45558,-0.4686191,22.281,60.61381,3.20005,49.40005,0
24.47324,-0.4068891,22.281,60.66469,2.70005,50.50005,1.068403E-07
24.49152,-0.3443674,22.281,60.7146,2.30005,51.40005,-1.068077E-07
24.50832,-0.3443674,22.281,60.7146,2.10005,52.20005,5.339672E-08
24.52636,-0.2803926,22.281,60.76264,1.90005,53.10006,5.33902E-08
24.54333,-0.2156712,22.281,60.80966,1.70005,54.00005,1.067687E-07
24.56057,-0.1494263,22.281,60.85451,1.40005,55.90005,0
24.5784,-0.08225671,22.281,60.89796,1.00005,57.10005,-5.336898E-08
24.59533,-0.01448692,22.281,60.94048,0.4000498,57.90005,-1.334054E-08
24.61244,0.05328288,22.281,60.98299,359.4001,57.90005,2.668189E-08
24.63138,0.1209784,22.281,61.02562,359.0001,57.80005,-2.668449E-08
24.64939,0.1886739,22.281,61.06825,359.0001,57.80005,-2.668449E-08
24.66623,0.1886739,22.281,61.06825,359.0001,57.80005,-2.668449E-08
24.68334,0.1886739,22.281,61.06825,359.0001,57.80005,-2.668449E-08
24.70041,0.1886739,22.281,61.06825,359.0001,57.80005,-2.668449E-08
24.71719,0.1886739,22.281,61.06825,359.0001,57.80005,-2.668449E-08
24.73422,0.1886739,22.281,61.06825,359.0001,57.80005,-2.668449E-08
24.75034,0.1886739,22.281,61.06825,359.0001,57.80005,-2.668449E-08
24.76719,0.1886739,22.281,61.06825,359.0001,57.80005,-2.668449E-08
24.78435,0.1886739,22.281,61.06825,359.0001,57.80005,-2.668449E-08
24.80037,0.1886739,22.281,61.06825,359.0001,57.80005,-2.668449E-08
24.81733,0.1886739,22.281,61.06825,359.0001,57.80005,-2.668449E-08
24.83433,0.1886739,22.281,61.06825,359.0001,57.80005,-2.668449E-08
24.85139,0.1886739,22.281,61.06825,359.0001,57.80005,-2.668449E-08
24.86751,0.1886739,22.281,61.06825,359.0001,54.40005,0
24.88459,0.1886739,22.281,61.06825,358.5001,50.80005,5.337914E-08
24.9014,0.1886739,22.281,61.06825,358.0001,48.50004,1.067868E-07
24.91843,0.1886739,22.281,61.06825,357.9001,47.80005,-5.339671E-08
24.93545,0.1886739,22.281,61.06825,357.7,48.00005,-1.068077E-07
24.95325,0.1886739,22.281,61.06825,357.7,50.30005,0
24.97044,0.1886739,22.281,61.06825,357.7,52.50005,-1.068077E-07
24.98637,0.1886739,22.281,61.06825,357.7,55.20005,-1.068078E-07
25.00335,0.1886739,22.281,61.06825,357.7,58.50005,0
25.02153,0.1886739,22.281,61.06825,358.1,62.40004,1.067804E-07
25.03891,0.1886739,22.281,61.06825,358.4001,66.50005,0
25.05463,0.1886739,22.281,61.06825,359.2,73.40005,0
25.07342,0.1886739,22.281,61.06825,359.4001,75.50004,0
25.09445,0.1886739,22.281,61.06825,0.2000495,81.40005,0
25.11657,0.1886739,22.281,61.06825,0.7000496,84.80004,-2.668241E-08
25.13882,0.1886739,22.281,61.06825,1.40005,89.40005,0
25.16277,0.1886739,22.281,61.06825,1.80005,92.90005,0
25.18564,0.1886739,22.281,61.06825,1.80005,95.20004,0
25.20758,0.1886739,22.281,61.06825,1.80005,96.10004,0
25.22968,0.1886739,22.281,61.06825,1.80005,96.20004,-1.067744E-07
25.25267,0.1886739,22.281,61.06825,1.80005,96.20004,-1.067744E-07
25.27588,0.1886739,22.281,61.06825,1.80005,96.20004,-1.067744E-07
25.29775,0.1886739,22.281,61.06825,1.80005,96.20004,-1.067744E-07
25.32074,0.1886739,22.281,61.06825,1.80005,96.40005,5.338719E-08
25.34279,0.1886739,22.281,61.06825,1.70005,97.00005,-5.338434E-08
25.36492,0.1886739,22.281,61.06825,1.50005,97.60004,-5.337914E-08
25.38762,0.1886739,22.281,61.06825,1.40005,98.30004,-5.337678E-08
25.4109,0.1886739,22.281,61.06825,1.30005,100.3,0
25.43278,0.1886739,22.281,61.06825,1.30005,103.1001,-5.337459E-08
25.456,0.1886739,22.281,61.06825,1.30005,106.4,-5.337459E-08
25.47776,0.1886739,22.281,61.06825,1.00005,109.1,0
25.50192,0.1886739,22.281,61.06825,0.9000499,110.5,-5.336744E-08
25.52794,0.1886739,22.281,61.06825,0.7000498,111.7,2.668241E-08
25.55396,0.1886739,22.281,61.06825,0.7000498,112.4,0
25.58101,0.1886739,22.281,61.06825,0.8000498,112.7,-2.668303E-08
25.60783,0.1886739,22.281,61.06825,0.8000498,112.7,-2.668303E-08
25.63502,0.1886739,22.281,61.06825,1.00005,113.1001,5.336898E-08
25.66206,0.1886739,22.281,61.06825,1.10005,113.5,0
25.68896,0.1886739,22.281,61.06825,1.20005,114.2001,0
25.71585,0.1886739,22.281,61.06825,1.20005,115,-5.337255E-08
25.74208,0.1886739,22.281,61.06825,1.20005,115.4,-5.337256E-08
25.76797,0.1886739,22.281,61.06825,1.20005,115.4,-5.337256E-08
25.795,0.1886739,22.281,61.06825,1.20005,115.5001,0
25.82105,0.2608806,22.281,61.03381,1.20005,115.5001,0
25.84697,0.3330874,22.281,60.99937,1.20005,115.5001,0
25.87409,0.4770166,22.281,60.92948,1.10005,115.9001,0
25.89994,0.5485489,22.281,60.89366,1.00005,116.6,-2.668449E-08
25.92586,0.6194452,22.281,60.85659,0.90005,117.6001,0
25.95299,0.7593843,22.281,60.77902,0.90005,119.0001,0
25.97899,0.8278856,22.281,60.7377,0.9000499,121.1001,0
26.00508,0.8952064,22.281,60.69448,0.90005,122.7001,0
26.03122,1.027852,22.281,60.60501,0.9000499,124.0001,-2.668372E-08
26.05709,1.092981,22.281,60.55856,0.9000499,125.5001,0
26.08215,1.157207,22.281,60.51086,1.10005,126.6001,0
26.10819,1.220333,22.281,60.46172,1.20005,127.9001,0
26.13298,1.220333,22.281,60.46172,1.40005,129.2001,5.337679E-08
26.15924,1.220333,22.281,60.46172,1.60005,130.5001,5.338167E-08
26.18413,1.220333,22.281,60.46172,1.90005,132.1001,0
26.2102,1.220333,22.281,60.46172,1.90005,132.7001,5.339021E-08
26.23633,1.220333,22.281,60.46172,2.00005,132.8001,0
26.26215,1.220333,22.281,60.46172,2.00005,132.8001,0
26.287,1.220333,22.281,60.46172,2.00005,132.8001,0
26.31297,1.220333,22.281,60.46172,2.00005,132.8001,0
26.33812,1.220333,22.281,60.46172,2.00005,132.8001,0
26.36432,1.220333,22.281,60.46172,2.00005,132.8001,0
26.38903,1.220333,22.281,60.46172,2.00005,132.8001,0
26.41401,1.220333,22.281,60.46172,2.00005,132.8001,0
26.44009,1.220333,22.281,60.46172,2.00005,132.8001,0
26.46502,1.220333,22.281,60.46172,2.00005,132.8001,0
26.49011,1.220333,22.281,60.46172,2.00005,132.8001,0
26.51612,1.220333,22.281,60.46172,2.00005,132.8001,0
26.54101,1.220333,22.281,60.46172,2.00005,132.8001,0
26.56602,1.220333,22.281,60.46172,2.00005,132.9001,-5.339339E-08
26.59107,1.220333,22.281,60.46172,1.90005,133.0001,0
26.61698,1.220333,22.281,60.46172,1.90005,133.0001,0
26.64216,1.220333,22.281,60.46172,1.90005,133.0001,0
26.66706,1.220333,22.281,60.46172,1.90005,133.0001,0
26.69308,1.220333,22.281,60.46172,1.90005,133.0001,0
26.718,1.220333,22.281,60.46172,1.90005,133.0001,0
26.74313,1.220333,22.281,60.46172,1.90005,133.0001,0
26.76933,1.220333,22.281,60.46172,1.80005,133.1001,5.338721E-08
26.79403,1.220333,22.281,60.46172,1.50005,133.1001,0
26.81914,1.220333,22.281,60.46172,1.50005,133.1001,0
26.84534,1.220333,22.281,60.46172,1.40005,133.4001,0
26.87033,1.220333,22.281,60.46172,2.00005,136.7001,-5.339339E-08
26.89631,1.220333,22.281,60.46172,2.10005,141.7001,5.339672E-08
26.92126,1.220333,22.281,60.46172,2.10005,150.0001,-5.339671E-08
26.94766,1.220333,22.281,60.46172,2.10005,156.1001,0
26.97343,1.220333,22.281,60.46172,2.10005,161.8001,0
26.9994,1.220333,22.281,60.46172,1.40005,166.0001,0
27.02627,1.220333,22.281,60.46172,1.40005,166.0001,0
27.05222,1.220333,22.281,60.46172,1.40005,166.0001,0
27.07922,1.220333,22.281,60.46172,1.40005,166.0001,0
27.1042,1.220333,22.281,60.46172,1.40005,166.0001,0
27.13025,1.220333,22.281,60.46172,1.40005,166.0001,0
27.15633,1.220333,22.281,60.46172,1.40005,166.0001,0
27.18232,1.220333,22.281,60.46172,1.40005,166.0001,0
27.20834,1.220333,22.281,60.46172,1.40005,166.0001,0
27.23426,1.220333,22.281,60.46172,1.40005,166.0001,0
27.26038,1.220333,22.281,60.46172,1.40005,166.0001,0
27.28634,1.220333,22.281,60.46172,1.40005,166.0001,0
27.31236,1.220333,22.281,60.46172,1.40005,166.0001,0
27.33823,1.220333,22.281,60.46172,1.40005,166.0001,0
27.36458,1.220333,22.281,60.46172,1.40005,166.0001,0
27.3903,1.220333,22.281,60.46172,1.60005,166.4001,1.334542E-08
27.41535,1.220333,22.281,60.46172,2.50005,168.3001,0
27.44174,1.220333,22.281,60.46172,3.600051,173.2001,2.673318E-08
27.46917,1.220333,22.281,60.46172,4.400051,178.6001,0
27.49538,1.220333,22.281,60.46172,5.300051,185.0001,0
27.52116,1.220333,22.281,60.46172,5.500051,194.1001,5.360765E-08
27.54832,1.220333,22.281,60.46172,6.100051,200.3001,0
27.57331,1.220333,22.281,60.46172,6.800052,205.2001,0
27.60137,1.220333,22.281,60.46172,7.400053,208.8001,0
27.62632,1.220333,22.281,60.46172,7.900053,212.5001,2.154885E-07
27.64638,1.220333,22.281,60.46172,8.400053,214.5001,-2.15758E-07
27.66552,1.220333,22.281,60.46172,8.500052,215.5001,-2.15814E-07
27.6854,1.220333,22.281,60.46172,8.800054,216.2001,0
27.70541,1.220333,22.281,60.46172,9.000052,216.4001,2.161041E-07
27.72538,1.220333,22.281,60.46172,9.300054,216.5001,0
27.74656,1.220333,22.281,60.46172,9.600056,216.6001,2.164749E-07
27.76647,1.220333,22.281,60.46172,10.20006,216.8001,2.168709E-07
27.78636,1.220333,22.281,60.46172,10.50005,217.0001,0
27.80631,1.220333,22.281,60.46172,10.80006,217.3001,0
27.82742,1.220333,22.281,60.46172,10.80006,217.3001,0
27.84721,1.220333,22.281,60.46172,10.80005,217.5001,-2.172923E-07
27.86761,1.171411,22.281,60.39841,10.80006,217.7001,2.172923E-07
27.88751,1.122379,22.281,60.33521,10.80005,217.8001,-2.172923E-07
27.90832,1.073346,22.281,60.27199,10.80005,217.8001,-2.172923E-07
27.92844,1.024313,22.281,60.20878,10.80005,217.8001,-2.172923E-07
27.94829,0.9752807,22.281,60.14557,10.80005,217.8001,-2.172923E-07
27.96807,0.9262481,22.281,60.08236,10.80005,217.8001,-2.172923E-07
27.98812,0.8772154,22.281,60.01914,10.80005,217.8001,-2.172923E-07
28.00815,0.8281828,22.281,59.95593,10.80005,217.8001,-2.172923E-07
28.02842,0.7790399,22.281,59.8928,10.80005,217.9001,2.172923E-07
28.04714,0.729897,22.281,59.82968,10.80005,217.9001,2.172923E-07
28.06719,0.6807541,22.281,59.76655,10.80005,217.9001,2.172923E-07
28.08736,0.6316112,22.281,59.70342,10.80005,217.9001,2.172923E-07
28.10707,0.5824683,22.281,59.6403,10.80005,217.9001,2.172923E-07
28.12611,0.5333254,22.281,59.57717,10.80005,217.9001,2.172923E-07
28.1452,0.4841826,22.281,59.51404,10.80005,217.9001,2.172923E-07
28.16411,0.4350397,22.281,59.45092,10.80005,217.9001,2.172923E-07
28.1821,0.3858968,22.281,59.38779,10.80005,217.9001,2.172923E-07
28.20135,0.3366438,22.281,59.32475,10.80006,218.0001,0
28.22006,0.3366438,22.281,59.32475,10.70005,218.3001,2.172203E-07
28.23792,0.3366438,22.281,59.32475,10.60005,218.5001,0
28.25811,0.3366438,22.281,59.32475,10.60005,218.6001,4.342981E-07
28.27708,0.3366438,22.281,59.32475,10.60005,218.7001,0
28.29613,0.3366438,22.281,59.32475,10.60005,218.7001,0
28.31483,0.3366438,22.281,59.32475,10.60005,218.7001,0
28.33393,0.3366438,22.281,59.32475,10.60005,218.7001,0
28.35314,0.3366438,22.281,59.32475,10.60005,218.7001,0
28.37094,0.3366438,22.281,59.32475,10.60005,218.7001,0
28.38992,0.3366438,22.281,59.32475,10.60005,218.7001,0
28.40928,0.3366438,22.281,59.32475,10.60005,218.7001,0
28.42847,0.3366438,22.281,59.32475,10.50005,218.9001,0
28.44706,0.3366438,22.281,59.32475,10.50005,218.9001,0
28.46613,0.3366438,22.281,59.32475,10.40005,219.0001,0
28.48533,0.3366438,22.281,59.32475,10.20006,219.1001,2.168709E-07
28.50324,0.3366438,22.281,59.32475,10.10006,219.2001,0
28.52196,0.3366438,22.281,59.32475,10.00006,219.3001,-2.167362E-07
28.54134,0.3366438,22.281,59.32475,9.800057,219.6001,0
28.56018,0.3366438,22.281,59.32475,9.800058,220.1001,0
28.57937,0.3366438,22.281,59.32475,9.800056,221.1001,-2.166042E-07
28.59806,0.3366438,22.281,59.32475,9.800057,222.2001,2.166042E-07
28.61715,0.3366438,22.281,59.32475,9.800056,223.8001,-2.166041E-07
28.63626,0.3366438,22.281,59.32475,10.20006,228.1001,-4.337419E-07
28.65514,0.3366438,22.281,59.32475,10.70006,232.0001,4.344406E-07
28.67533,0.3366438,22.281,59.32475,11.60006,239.1001,-4.357877E-07
28.69439,0.3366438,22.281,59.32475,11.70006,243.7001,0
28.715,0.3366438,22.281,59.32475,11.70006,247.9001,0
28.73409,0.3366438,22.281,59.32475,11.80006,254.2001,4.361029E-07
28.75512,0.3366438,22.281,59.32475,12.10006,258.2001,-4.365864E-07
28.77717,0.3366438,22.281,59.32475,12.10006,263.0001,-8.731729E-07
28.79896,0.3366438,22.281,59.32475,10.40006,264.3,0
28.8232,0.3366438,22.281,59.32475,9.900059,264.3,0
28.84645,0.3366438,22.281,59.32475,9.900059,264.3,0
28.87035,0.3366438,22.281,59.32475,9.900059,264.3,0
28.89443,0.3366438,22.281,59.32475,9.900059,264.3,0
28.91735,0.3366438,22.281,59.32475,9.900059,264.3,0
28.94025,0.3366438,22.281,59.32475,9.900059,264.3,0
28.96434,0.3366438,22.281,59.32475,9.900059,264.3,0
28.98706,0.3366438,22.281,59.32475,9.900059,264.3,0
29.01011,0.3366438,22.281,59.32475,9.900059,264.3,0
29.03432,0.3366438,22.281,59.32475,9.900059,264.3,0
29.05706,0.3366438,22.281,59.32475,9.900059,264.3,0
29.0803,0.3366438,22.281,59.32475,9.900059,264.3,0
29.1043,0.3366438,22.281,59.32475,9.900059,264.3,0
29.12731,0.3366438,22.281,59.32475,10.90006,265.7001,0
29.15075,0.3366438,22.281,59.32475,12.20006,268.4001,-8.735009E-07
29.17423,0.3366438,22.281,59.32475,13.40006,272.7001,4.388338E-07
29.19807,0.3366438,22.281,59.32475,14.20006,276.0001,4.403414E-07
29.22205,0.3366438,22.281,59.32475,15.80006,281.5001,0
29.24591,0.3366438,22.281,59.32475,16.80006,287.8,0
29.27098,0.3366438,22.281,59.32475,17.70006,294.1001,-8.961986E-07
29.29471,0.3366438,22.281,59.32475,18.70006,301.2001,0
29.31886,0.3366438,22.281,59.32475,19.40006,305.2001,-9.051668E-07
29.34374,0.3366438,22.281,59.32475,20.20006,308.1001,0
29.36801,0.3366438,22.281,59.32475,20.60006,309.3001,0
29.3927,0.3366438,22.281,59.32475,20.60006,309.3001,0
29.41656,0.3366438,22.281,59.32475,20.60006,309.3001,0
29.43989,0.3366438,22.281,59.32475,20.60006,309.3001,0
29.46393,0.3366438,22.281,59.32475,20.60006,309.1001,0
29.48771,0.3366438,22.281,59.32475,20.40006,308.6001,9.109041E-07
29.51166,0.3366438,22.281,59.32475,20.20006,308.2001,0
29.53559,0.3366438,22.281,59.32475,20.20006,308.2001,0
29.55981,0.3366438,22.281,59.32475,20.00006,307.8001,-9.085672E-07
29.58364,0.3366438,22.281,59.32475,19.90006,307.5001,0
29.60656,0.3366438,22.281,59.32475,19.80006,307.0001,-9.074199E-07
29.63076,0.3366438,22.281,59.32475,19.60006,306.2001,9.062865E-07
29.65458,0.3366438,22.281,59.32475,19.30006,305.3001,0
29.67877,0.3366438,22.281,59.32475,19.00006,304.1001,0
29.70278,0.3366438,22.281,59.32475,18.60006,302.4001,-9.008255E-07
29.72686,0.2674318,22.281,59.36487,18.20007,300.1001,0
29.75089,0.1251252,22.281,59.43801,17.60006,297.2001,8.957011E-07
29.77577,0.05244464,22.281,59.47144,17.40007,294.7001,0
29.79996,-0.02135836,22.281,59.50231,17.40007,292.7001,8.947158E-07
29.82392,-0.09584279,22.281,59.5315,17.40006,291.4001,8.947159E-07
29.84866,-0.2455138,22.281,59.58805,17.40006,290.7001,0
29.87301,-0.3205932,22.281,59.61568,17.50006,290.2001,0
29.89791,-0.3958162,22.281,59.64291,17.50006,289.9001,0
29.92291,-0.4711807,22.281,59.66975,17.60006,289.6001,0
29.94762,-0.5466848,22.281,59.69619,17.60006,289.3001,8.957012E-07
29.97367,-0.6978766,22.281,59.74854,17.60006,289.1001,0
29.99843,-0.773518,22.281,59.77459,17.60006,289.0001,0
30.02455,-0.8492048,22.281,59.8005,17.60006,288.9001,-8.957011E-07
30.04942,-1.000578,22.281,59.85233,17.60006,288.9001,-8.957011E-07
30.07439,-1.076265,22.281,59.87824,17.60006,288.9001,-8.957011E-07
30.09831,-1.151952,22.281,59.90416,17.60006,288.9001,-8.957011E-07
30.12345,-1.227639,22.281,59.93007,17.60006,288.9001,-8.957011E-07
30.14825,-1.303326,22.281,59.95598,17.60006,288.9001,-8.957011E-07
30.17253,-1.454699,22.281,60.00781,17.60006,288.9001,-8.957011E-07
30.19629,-1.454699,22.281,60.00781,17.60006,288.9001,-8.957011E-07
30.2203,-1.454699,22.281,60.00781,17.60006,288.9001,-8.957011E-07
30.2443,-1.454699,22.281,60.00781,17.60006,288.9001,-8.957011E-07
30.26724,-1.454699,22.281,60.00781,17.60006,288.9001,-8.957011E-07
30.29055,-1.454699,22.281,60.00781,17.60006,288.9001,-8.957011E-07
30.31323,-1.454699,22.281,60.00781,17.60006,288.9001,-8.957011E-07
30.33624,-1.454699,22.281,60.00781,17.60006,288.9001,-8.957011E-07
30.35949,-1.454699,22.281,60.00781,17.60006,288.9001,-8.957011E-07
30.38251,-1.454699,22.281,60.00781,17.60006,289.2001,0
30.40663,-1.454699,22.281,60.00781,17.90006,290.1001,0
30.42936,-1.454699,22.281,60.00781,18.50007,291.4001,0
30.45234,-1.454699,22.281,60.00781,19.20007,292.9001,0
30.47557,-1.454699,22.281,60.00781,20.90007,295.9001,9.13905E-07
30.49854,-1.454699,22.281,60.00781,23.00007,299.1001,0
30.52143,-1.454699,22.281,60.00781,25.30007,302.2001,0
30.54449,-1.454699,22.281,60.00781,27.20006,305.0001,0
30.5675,-1.454699,22.281,60.00781,28.70007,307.1001,-9.733544E-07
30.59033,-1.454699,22.281,60.00781,29.50007,308.1001,0
30.61458,-1.454699,22.281,60.00781,29.70007,308.3001,0
30.63836,-1.454699,22.281,60.00781,29.70007,308.3001,0
30.66252,-1.454699,22.281,60.00781,29.70007,308.3001,0
30.68639,-1.454699,22.281,60.00781,29.70007,308.3001,0
30.7102,-1.454699,22.281,60.00781,29.70007,308.3001,0
30.73453,-1.454699,22.281,60.00781,29.70007,308.3001,0
30.75836,-1.454699,22.281,60.00781,29.70007,308.3001,0
30.7826,-1.454699,22.281,60.00781,29.70007,308.3001,0
30.80633,-1.454699,22.281,60.00781,29.70007,308.3001,0
30.83071,-1.454699,22.281,60.00781,29.70007,308.3001,0
30.85441,-1.454699,22.281,60.00781,29.70007,308.3001,0
30.87842,-1.454699,22.281,60.00781,29.70007,308.3001,0
30.90245,-1.454699,22.281,60.00781,29.70007,308.3001,0
30.92628,-1.454699,22.281,60.00781,29.70007,308.3001,0
30.95035,-1.454699,22.281,60.00781,29.70007,308.3001,0
30.97422,-1.454699,22.281,60.00781,29.70007,308.3001,0
30.99836,-1.454699,22.281,60.00781,29.60007,308.3001,-9.819198E-07
31.02216,-1.454699,22.281,60.00781,29.60007,308.3001,-9.819198E-07
31.04639,-1.454699,22.281,60.00781,29.60007,308.3001,-9.819198E-07
31.07038,-1.454699,22.281,60.00781,29.60007,308.3001,-9.819198E-07
31.09434,-1.454699,22.281,60.00781,29.60007,308.3001,-9.819198E-07
31.11836,-1.454699,22.281,60.00781,29.60007,308.3001,-9.819198E-07
31.14251,-1.454699,22.281,60.00781,29.60007,308.3001,-9.819198E-07
31.16629,-1.454699,22.281,60.00781,29.60007,308.3001,-9.819198E-07
31.19146,-1.454699,22.281,60.00781,29.60007,308.3001,-9.819198E-07
31.21553,-1.454699,22.281,60.00781,29.60007,308.3001,-9.819198E-07
31.23953,-1.454699,22.281,60.00781,29.60007,308.3001,-9.819198E-07
31.26347,-1.454699,22.281,60.00781,29.60007,308.3001,-9.819198E-07
31.28723,-1.454699,22.281,60.00781,29.60007,308.3001,-9.819198E-07
31.31136,-1.454699,22.281,60.00781,29.60007,308.3001,-9.819198E-07
31.33534,-1.454699,22.281,60.00781,29.60007,308.3001,-9.819198E-07
31.35948,-1.454699,22.281,60.00781,29.60007,308.3001,-9.819198E-07
31.38335,-1.454699,22.281,60.00781,29.60007,308.3001,-9.819198E-07
31.40744,-1.454699,22.281,60.00781,29.60007,308.3001,-9.819198E-07
31.43137,-1.454699,22.281,60.00781,29.60007,308.3001,-9.819198E-07
31.4555,-1.454699,22.281,60.00781,29.60007,308.3001,-9.819198E-07
31.47942,-1.454699,22.281,60.00781,29.60007,308.3001,-9.819198E-07
31.50336,-1.454699,22.281,60.00781,29.60007,308.3001,-9.819198E-07
31.5264,-1.454699,22.281,60.00781,29.60007,308.3001,-9.819198E-07
31.55037,-1.580263,22.281,60.10697,29.60007,308.3001,-9.819198E-07
31.57442,-1.643045,22.281,60.15656,29.60007,308.3001,-9.819198E-07
31.59841,-1.706258,22.281,60.20559,29.30007,307.8001,0
31.62245,-1.7704,22.281,60.2534,28.70007,306.7001,0
31.64532,-1.83633,22.281,60.29871,27.90006,304.5001,0
31.66835,-1.903801,22.281,60.34169,27.40007,302.5001,-9.616573E-07
31.69131,-2.043058,22.281,60.42048,26.50006,299.5001,0
31.7166,-2.114652,22.281,60.45618,26.00006,296.5001,0
31.73714,-2.187736,22.281,60.48872,25.70007,294.0001,9.47504E-07
31.76007,-2.261806,22.281,60.51894,25.30006,292.2001,9.44354E-07
31.78193,-2.33669,22.281,60.54709,25.10006,290.6001,-1.885609E-06
31.804,-2.412008,22.281,60.57406,25.00006,289.7001,-9.420353E-07
31.82705,-2.487695,22.281,60.59997,24.90006,288.9001,9.412709E-07
31.84887,-2.639426,22.281,60.65074,25.00006,288.5001,-9.420354E-07
31.87414,-2.639426,22.281,60.65074,25.10006,288.3001,0
31.89291,-2.639426,22.281,60.65074,25.20006,288.1001,0
31.91504,-2.639426,22.281,60.65074,25.30006,287.9001,0
31.93697,-2.639426,22.281,60.65074,25.40006,287.7001,0
31.95894,-2.639426,22.281,60.65074,25.50006,287.5001,9.459205E-07
31.98109,-2.639426,22.281,60.65074,25.50006,287.3001,0
32.00206,-2.639426,22.281,60.65074,25.50006,287.2001,0
32.02404,-2.639426,22.281,60.65074,25.60006,287.1001,0
32.04607,-2.639426,22.281,60.65074,25.60006,287.0001,-9.467102E-07
32.06806,-2.639426,22.281,60.65074,25.60006,286.8001,0
32.08998,-2.639426,22.281,60.65074,25.60006,286.4001,0
32.11225,-2.639426,22.281,60.65074,25.60006,285.7001,0
32.13401,-2.639426,22.281,60.65074,25.60006,284.8001,0
32.1561,-2.639426,22.281,60.65074,25.60006,284.3001,9.467102E-07
32.17791,-2.639426,22.281,60.65074,25.60006,283.7001,9.467102E-07
32.19909,-2.639426,22.281,60.65074,25.60006,283.2001,0
32.22104,-2.717438,22.281,60.66846,25.60006,282.8001,0
32.24288,-2.795481,22.281,60.68605,25.60006,282.7001,-9.467102E-07
32.26398,-2.873585,22.281,60.70337,25.70006,282.5001,0
32.28574,-2.951748,22.281,60.72041,25.70006,282.3001,-9.47504E-07
32.30767,-3.030089,22.281,60.72733,25.80006,281.9001,-9.483019E-07
32.33001,-3.18712,22.281,60.729,25.80006,281.4001,-1.896604E-06
32.35086,-3.265677,22.281,60.74413,25.90006,280.9001,-9.491041E-07
32.37399,-3.344363,22.281,60.75857,25.90006,280.4001,-9.491042E-07
32.39486,-3.423172,22.281,60.77233,25.90006,279.9001,-9.491042E-07
32.41673,-3.502165,22.281,60.77975,25.60006,279.1001,-9.467102E-07
32.43868,-3.576217,22.281,60.76714,25.60006,278.0001,-9.467102E-07
32.45964,-3.651665,22.281,60.75491,25.60007,276.8001,9.467102E-07
32.48054,-3.730151,22.281,60.75141,25.60006,275.8001,0
32.50173,-3.809966,22.281,60.75685,25.90006,273.9001,0
32.52379,-3.889907,22.281,60.75992,26.70006,272.2001,0
32.54515,-3.969897,22.281,60.75866,27.60006,269.1001,9.634064E-07
32.56588,-4.049672,22.281,60.75267,28.00006,265.7001,-9.66959E-07
32.58671,-4.129109,22.281,60.74319,28.00006,263.2001,-9.669591E-07
32.60871,-4.129109,22.281,60.74319,28.20007,260.3001,-9.687628E-07
32.62957,-4.129109,22.281,60.74319,28.60007,257.5001,1.944853E-06
32.65196,-4.129109,22.281,60.74319,28.90007,255.6001,9.752242E-07
32.67285,-4.129109,22.281,60.74319,28.90007,253.0001,1.950448E-06
32.6927,-4.129109,22.281,60.74319,28.90007,251.0001,0
32.71379,-4.129109,22.281,60.74319,28.90007,250.0001,0
32.7338,-4.129109,22.281,60.74319,28.90007,248.9001,-9.752242E-07
32.7548,-4.129109,22.281,60.74319,28.90007,248.2001,0
32.77485,-4.129109,22.281,60.74319,28.90007,247.3001,9.752242E-07
32.79495,-4.129109,22.281,60.74319,28.90007,246.6001,0
32.81581,-4.129109,22.281,60.74319,28.90007,246.2001,9.752241E-07
32.83578,-4.129109,22.281,60.74319,28.90007,245.7001,0
32.85687,-4.129109,22.281,60.74319,28.90007,245.5001,-9.752242E-07
32.87669,-4.129109,22.281,60.74319,28.80007,245.3001,-9.742871E-07
32.89668,-4.129109,22.281,60.74319,28.80007,245.3001,-9.742871E-07
32.91668,-4.129109,22.281,60.74319,28.80007,245.3001,-9.742871E-07
32.93764,-4.201789,22.281,60.70977,28.80007,245.3001,-9.742871E-07
32.95763,-4.27447,22.281,60.67633,28.80007,245.3001,-9.742871E-07
32.97755,-4.347151,22.281,60.64291,28.80007,245.3001,-9.742871E-07
32.99772,-4.419832,22.281,60.60948,28.80007,245.3001,-9.742871E-07
33.01749,-4.492512,22.281,60.57605,28.80007,245.3001,-9.742871E-07
33.03731,-4.565193,22.281,60.54262,28.80007,245.3001,-9.742871E-07
33.05733,-4.637932,22.281,60.50932,28.70007,245.4001,9.733545E-07
33.07732,-4.710671,22.281,60.47601,28.70007,245.4001,9.733545E-07
33.09729,-4.78341,22.281,60.44271,28.70007,245.4001,9.733545E-07
33.11634,-4.856149,22.281,60.40941,28.70007,245.4001,9.733545E-07
33.13634,-4.928946,22.281,60.37623,28.60007,245.5001,9.724266E-07
33.15531,-5.001915,22.281,60.34344,28.60006,245.8001,0
33.17524,-5.075112,22.281,60.31116,28.60006,246.2001,0
33.19408,-5.148753,22.281,60.2799,28.50006,247.0001,1.943007E-06
33.21324,-5.222717,22.281,60.24941,28.50006,247.6001,0
33.23241,-5.296996,22.281,60.2197,28.50006,248.2001,0
33.25126,-5.371682,22.281,60.19103,28.60006,249.0001,9.724267E-07
33.27003,-5.446665,22.281,60.16315,28.80006,249.6001,-9.74287E-07
33.28906,-5.521888,22.281,60.13592,28.80006,250.1001,0
33.30804,-5.521888,22.281,60.13592,28.90006,251.1001,9.752239E-07
33.3271,-5.597886,22.281,60.11093,28.90006,251.8001,0
33.34539,-5.674511,22.281,60.08794,28.90006,253.3001,0
33.36406,-5.751527,22.281,60.0663,28.90006,254.3001,9.752241E-07
33.383,-5.828944,22.281,60.04613,28.90006,255.4001,0
33.40182,-5.906924,22.281,60.02827,28.70006,257.1001,-9.733544E-07
33.42085,-5.985346,22.281,60.01246,28.50006,258.6001,-9.715036E-07
33.43871,-5.985346,22.281,60.01246,28.20005,260.3001,0
33.45775,-5.985346,22.281,60.01246,28.10006,263.9001,9.678586E-07
33.47681,-5.985346,22.281,60.01246,28.10005,267.7001,9.678586E-07
33.49486,-5.985346,22.281,60.01246,28.80005,272.4001,9.742868E-07
33.51263,-5.985346,22.281,60.01246,29.90006,280.6001,0
33.53082,-5.985346,22.281,60.01246,30.60006,285.4001,-1.983809E-06
33.54898,-5.985346,22.281,60.01246,30.80005,289.2001,0
33.56689,-5.985346,22.281,60.01246,31.00006,292.5001,0
33.58704,-5.985346,22.281,60.01246,31.10005,297.1001,9.970887E-07
33.60702,-5.985346,22.281,60.01246,31.20005,299.4001,0
33.62626,-5.985346,22.281,60.01246,31.20006,302.7001,0
33.64699,-5.985346,22.281,60.01246,31.20005,304.9001,-9.981409E-07
33.66719,-5.985346,22.281,60.01246,31.20005,308.2001,0
33.68724,-5.985346,22.281,60.01246,31.30006,310.6001,0
33.7084,-5.985346,22.281,60.01246,31.40005,315.2001,0
33.72842,-5.985346,22.281,60.01246,31.40005,318.1001,-1.000262E-06
33.74874,-5.985346,22.281,60.01246,31.40005,322.3001,1.000261E-06
33.76969,-5.985346,22.281,60.01246,31.60005,325.4001,0
33.79085,-5.985346,22.281,60.01246,32.20005,329.7001,0
33.81219,-5.985346,22.281,60.01246,32.80005,333.6001,-5.078564E-07
33.83327,-5.985346,22.281,60.01246,33.10006,335.9001,1.019166E-06
33.85559,-5.985346,22.281,60.01246,33.60006,339.0001,0
33.87887,-5.985346,22.281,60.01246,34.00006,341.9001,0
33.90309,-5.985346,22.281,60.01246,34.60006,344.4001,0
33.92796,-5.985346,22.281,60.01246,35.20006,346.6001,0
33.95393,-5.985346,22.281,60.01246,35.60006,348.6001,0
33.98109,-5.985346,22.281,60.01246,36.00006,350.5001,2.638307E-07
34.01012,-5.985346,22.281,60.01246,36.50006,352.3001,0
34.04023,-5.985346,22.281,60.01246,37.10006,354.7001,0
34.07027,-5.985346,22.281,60.01246,37.30006,356.8001,0
34.10044,-5.985346,22.281,60.01246,37.30005,358.1001,6.708067E-08
34.13046,-5.985346,22.281,60.01246,37.30006,358.8001,0
34.16134,-5.985346,22.281,60.01246,37.30005,359.3001,0
34.1925,-5.985346,22.281,60.01246,37.10005,359.6001,0
34.2224,-5.985346,22.281,60.01246,36.90006,0.3001067,0
34.25343,-5.985346,22.281,60.01246,36.80006,1.600107,0
34.28445,-5.985346,22.281,60.01246,36.70006,2.900107,0
34.31423,-5.985346,22.281,60.01246,36.70006,4.800107,1.331068E-07
34.34536,-5.985346,22.281,60.01246,36.70006,6.300107,-2.662136E-07
34.37554,-5.985346,22.281,60.01246,36.60006,7.800106,-2.658681E-07
34.40644,-5.985346,22.281,60.01246,36.60007,10.00011,2.658681E-07
34.43756,-5.985346,22.281,60.01246,36.60006,13.1001,-5.317362E-07
34.46822,-5.985346,22.281,60.01246,36.60006,16.50011,-5.317363E-07
34.4984,-5.985346,22.281,60.01246,36.60007,23.10011,5.317362E-07
34.53031,-5.985346,22.281,60.01246,36.50006,29.80011,0
34.5622,-5.985346,22.281,60.01246,36.40005,35.30011,0
34.59501,-5.985346,22.281,60.01246,36.40006,38.60011,0
34.62669,-5.985346,22.281,60.01246,36.30006,39.5001,0
34.65961,-5.985346,22.281,60.01246,36.30006,39.5001,0
34.69067,-5.985346,22.281,60.01246,36.10006,39.20011,1.056664E-06
34.72173,-5.985346,22.281,60.01246,36.00005,39.0001,2.110646E-06
34.7526,-5.985346,22.281,60.01246,36.00005,39.0001,2.110646E-06
34.78374,-5.985346,22.281,60.01246,35.90005,38.90011,1.053988E-06
34.81471,-5.985346,22.281,60.01246,35.60004,38.60011,0
34.84566,-5.985346,22.281,60.01246,35.50006,38.50011,-1.048714E-06
34.87655,-5.985346,22.281,60.01246,35.30005,38.30011,0
34.90758,-5.985346,22.281,60.01246,35.20005,38.20011,-1.044826E-06
34.93766,-5.985346,22.281,60.01246,35.00005,38.00011,1.042266E-06
34.96753,-5.985346,22.281,60.01246,34.80005,37.80011,0
34.9964,-5.985346,22.281,60.01246,34.80005,37.80011,0
35.02645,-5.985346,22.281,60.01246,34.70005,37.80011,-1.038473E-06
35.05547,-5.985346,22.281,60.01246,34.40004,37.60011,0
35.08542,-5.985346,22.281,60.01246,34.40004,37.60011,0
35.11437,-5.985346,22.281,60.01246,34.20004,37.50011,-1.032274E-06
35.14371,-5.985346,22.281,60.01246,33.90005,37.30011,2.057257E-06
35.17253,-5.985346,22.281,60.01246,33.00005,36.4001,0
35.20034,-5.985346,22.281,60.01246,31.90005,34.4001,0
35.22939,-5.985346,22.281,60.01246,29.00005,28.20011,0
35.2564,-5.985346,22.281,60.01246,28.00005,24.10011,4.834794E-07
35.28347,-5.985346,22.281,60.01246,27.10005,20.10011,4.795336E-07
35.30814,-5.985346,22.281,60.01246,26.10005,18.2001,-4.753607E-07
35.33214,-5.985346,22.281,60.01246,24.90005,16.60011,0
35.35508,-5.985346,22.281,60.01246,23.90005,15.60011,4.669238E-07
35.37814,-5.985346,22.281,60.01246,23.30005,15.10011,0
35.40112,-5.985346,22.281,60.01246,22.60005,14.60011,2.31197E-07
35.42326,-5.985346,22.281,60.01246,21.60005,14.40011,0
35.44506,-5.985346,22.281,60.01246,20.80005,14.30011,0
35.467,-5.985346,22.281,60.01246,20.30005,14.30011,0
35.48925,-5.985346,22.281,60.01246,19.60005,14.60011,2.265716E-07
35.5111,-5.985346,22.281,60.01246,18.70005,15.00011,2.253391E-07
35.53234,-5.985346,22.281,60.01246,17.60005,15.40011,0
35.55416,-5.985346,22.281,60.01246,16.90005,15.60011,2.230774E-07
35.57512,-5.985346,22.281,60.01246,16.10005,15.90011,0
35.59618,-5.985346,22.281,60.01246,15.50005,16.10011,0
35.61708,-5.985346,22.281,60.01246,15.20005,16.10011,0
35.63893,-5.963161,22.281,60.08932,15.00005,16.10011,2.209729E-07
35.66,-5.940976,22.281,60.16618,14.80004,16.10011,0
35.68088,-5.91879,22.281,60.24305,14.70005,16.10011,2.206664E-07
35.70294,-5.896739,22.281,60.31995,14.50004,16.00011,0
35.72386,-5.874957,22.281,60.39692,14.40004,15.80011,0
35.74479,-5.853443,22.281,60.47398,14.40004,15.6001,2.203667E-07
35.76554,-5.832468,22.281,60.55118,14.40004,15.2001,0
35.78662,-5.811897,22.281,60.62849,14.40004,14.90011,2.203667E-07
35.81023,-5.772106,22.281,60.66029,14.40004,14.4001,0
35.84856,-5.733398,22.281,60.66029,14.40005,14.0001,-1.101833E-07
35.89032,-5.695775,22.281,60.66029,14.60005,13.6001,1.102828E-07
35.93092,-5.659239,22.281,60.66029,14.70005,13.2001,1.103332E-07
35.97231,-5.659239,22.281,60.66029,14.70005,13.10011,0
35.99064,-5.659239,22.281,60.66029,14.70005,12.9001,1.103332E-07
36.00177,-5.659239,22.281,60.66029,14.70004,12.7001,0
36.02042,-5.659239,22.281,60.66029,14.70004,12.6001,-1.103332E-07
36.04157,-5.659239,22.281,60.66029,14.70005,12.5001,0
36.06234,-5.659239,22.281,60.66029,14.60005,12.3001,0
36.08313,-5.659239,22.281,60.66029,14.60005,12.0001,-1.102828E-07
36.10406,-5.659239,22.281,60.66029,14.50004,11.8001,-1.102329E-07
36.12464,-5.659239,22.281,60.66029,14.40004,11.3001,-1.101833E-07
36.14584,-5.659239,22.281,60.66029,14.40004,10.9001,1.101833E-07
36.16662,-5.659239,22.281,60.66029,14.30004,10.4001,-1.101342E-07
36.18716,-5.659239,22.281,60.66029,14.20004,9.900104,0
36.20811,-5.659239,22.281,60.66029,14.20004,9.500104,0
36.22889,-5.659239,22.281,60.66029,14.10004,9.000103,0
36.24971,-5.659239,22.281,60.66029,14.00004,8.500103,0
36.27057,-5.659239,22.281,60.66029,13.90004,7.600103,1.099412E-07
36.29127,-5.659239,22.281,60.66029,13.70004,6.200104,-5.492349E-08
36.31228,-5.659239,22.281,60.66029,13.50004,4.700103,0
36.33139,-5.659239,22.281,60.66029,12.90004,0.8001034,0
36.35398,-5.659239,22.281,60.66029,12.50004,356.7001,-2.732822E-08
36.37452,-5.659239,22.281,60.66029,12.20004,348.6001,1.091876E-07
36.39518,-5.659239,22.281,60.66029,12.20004,338.2001,2.183752E-07
36.41597,-5.659239,22.281,60.66029,12.40004,330.7001,-2.185415E-07
36.4367,-5.659239,22.281,60.66029,14.30004,318.2001,0
36.45731,-5.659239,22.281,60.66029,15.50004,309.9001,-4.429985E-07
36.4781,-5.659239,22.281,60.66029,17.00004,299.4001,0
36.49858,-5.659239,22.281,60.66029,18.20004,290.5001,-1.797471E-06
36.51269,-5.659239,22.281,60.66029,18.90004,285.9001,9.024279E-07
36.53358,-5.659239,22.281,60.66029,19.20004,282.1001,0
36.55432,-5.659239,22.281,60.66029,19.20004,279.0001,-9.04061E-07
36.5751,-5.659239,22.281,60.66029,19.20004,275.9001,0
36.59605,-5.659239,22.281,60.66029,19.20004,273.3001,0
36.61677,-5.659239,22.281,60.66029,19.20004,271.7001,0
36.63773,-5.659239,22.281,60.66029,18.90004,269.8001,0
36.65854,-5.659239,22.281,60.66029,18.60004,268.4001,0
36.67952,-5.659239,22.281,60.66029,18.00004,266.4001,0
36.70006,-5.659239,22.281,60.66029,17.30004,265.0001,8.942278E-07
36.72103,-5.659239,22.281,60.66029,17.00004,264.5001,0
36.74207,-5.659239,22.281,60.66029,16.70004,264.2001,8.913696E-07
36.76276,-5.659239,22.281,60.66029,16.70004,264.2001,8.913696E-07
36.78365,-5.659239,22.281,60.66029,16.60004,264.1001,0
36.80452,-5.659239,22.281,60.66029,16.60004,264.1001,0
36.8252,-5.659239,22.281,60.66029,16.50004,264.1001,8.904425E-07
36.84589,-5.659239,22.281,60.66029,16.50004,264.1001,8.904425E-07
36.86683,-5.659239,22.281,60.66029,16.40004,264.0001,8.899837E-07
36.88807,-5.659239,22.281,60.66029,16.20004,263.9001,0
36.90849,-5.659239,22.281,60.66029,15.90004,263.7001,0
36.92948,-5.659239,22.281,60.66029,15.80005,263.6001,0
36.95045,-5.659239,22.281,60.66029,15.50004,263.2001,0
36.97146,-5.659239,22.281,60.66029,15.50004,262.6001,-8.859972E-07
36.99219,-5.659239,22.281,60.66029,15.50005,261.9001,0
37.01279,-5.659239,22.281,60.66029,15.50004,260.8001,0
37.03347,-5.659239,22.281,60.66029,15.50004,260.0001,-8.859972E-07
37.05428,-5.659239,22.281,60.66029,15.50004,259.0001,8.859971E-07
37.07515,-5.659239,22.281,60.66029,15.50004,258.5001,0
37.09605,-5.659239,22.281,60.66029,15.50004,258.4001,0
37.11665,-5.659239,22.281,60.66029,15.50004,258.4001,0
37.13778,-5.659239,22.281,60.66029,15.50004,258.4001,0
37.15833,-5.659239,22.281,60.66029,15.50004,258.4001,0
37.17944,-5.659239,22.281,60.66029,15.40004,258.3001,0
37.20016,-5.659239,22.281,60.66029,15.40004,258.3001,0
37.22143,-5.659239,22.281,60.66029,15.20004,258.6001,-8.847246E-07
37.24208,-5.659239,22.281,60.66029,15.10004,259.1001,-8.843065E-07
37.26276,-5.659239,22.281,60.66029,15.10004,260.4001,-8.843065E-07
37.28372,-5.659239,22.281,60.66029,15.10004,263.0001,0
37.30449,-5.659239,22.281,60.66029,15.10004,265.4001,0
37.32516,-5.659239,22.281,60.66029,15.10004,269.2001,0
37.34594,-5.659239,22.281,60.66029,15.10004,271.7001,8.843066E-07
37.36678,-5.659239,22.281,60.66029,15.10004,274.5001,-8.843066E-07
37.38769,-5.659239,22.281,60.66029,15.10004,276.8001,0
37.40847,-5.659239,22.281,60.66029,14.90004,277.9001,8.834797E-07
37.42933,-5.659239,22.281,60.66029,14.70004,278.8001,0
37.45017,-5.659239,22.281,60.66029,14.70004,279.1001,0
37.47104,-5.659239,22.281,60.66029,14.70004,279.1001,0
37.4919,-5.659239,22.281,60.66029,14.70004,279.1001,0
37.51267,-5.659239,22.281,60.66029,14.70004,279.1001,0
37.53374,-5.659239,22.281,60.66029,14.60004,279.2001,4.411314E-07
37.5545,-5.659239,22.281,60.66029,14.60004,279.0001,4.411314E-07
37.57517,-5.659239,22.281,60.66029,14.50004,277.5001,0
37.59605,-5.659239,22.281,60.66029,14.50004,275.2001,-8.818632E-07
37.61687,-5.659239,22.281,60.66029,14.50003,273.2001,0
37.63801,-5.659239,22.281,60.66029,14.50004,269.9001,0
37.65878,-5.659239,22.281,60.66029,14.50004,267.0001,0
37.6796,-5.659239,22.281,60.66029,14.50004,265.3001,4.409316E-07
37.70021,-5.659239,22.281,60.66029,14.50003,262.6001,-8.818632E-07
37.72103,-5.659239,22.281,60.66029,14.50003,260.5001,-4.409316E-07
37.74192,-5.659239,22.281,60.66029,14.60003,257.1001,4.411314E-07
37.76289,-5.659239,22.281,60.66029,15.00003,254.6001,-4.419459E-07
37.78373,-5.659239,22.281,60.66029,15.60004,250.6001,0
37.80445,-5.659239,22.281,60.66029,16.50003,246.2001,0
37.82555,-5.659239,22.281,60.66029,17.00003,243.2001,0
37.83949,-5.659239,22.281,60.66029,17.80004,239.4001,0
37.86055,-5.659239,22.281,60.66029,18.30003,236.6001,0
37.88168,-5.659239,22.281,60.66029,18.90004,234.3001,0
37.90264,-5.659239,22.281,60.66029,20.10003,230.5001,9.09146E-07
37.92357,-5.659239,22.281,60.66029,21.10004,226.1001,0
37.94407,-5.659239,22.281,60.66029,21.80004,223.7001,0
37.96512,-5.659239,22.281,60.66029,22.40003,221.2001,0
37.98602,-5.659239,22.281,60.66029,22.70003,220.0001,9.254618E-07
38.00674,-5.659239,22.281,60.66029,22.80003,219.0001,0
38.02768,-5.659239,22.281,60.66029,22.90003,218.4001,-4.634103E-07
38.04835,-5.659239,22.281,60.66029,23.00003,217.9001,-4.63753E-07
38.06921,-5.659239,22.281,60.66029,23.20003,217.1001,0
38.09025,-5.7066,22.281,60.59581,23.30003,216.3001,0
38.1109,-5.752372,22.281,60.5302,23.30003,214.9001,0
38.13169,-5.796527,22.281,60.46349,23.30003,213.5001,9.295849E-07
38.15263,-5.840098,22.281,60.3964,23.30003,213.0001,0
38.17356,-5.882964,22.281,60.32885,23.10003,212.4001,-4.640976E-07
38.19412,-5.925713,22.281,60.26123,23.00004,212.3001,-4.637529E-07
38.21512,-5.968343,22.281,60.19353,22.90004,212.2001,4.634104E-07
38.2357,-6.010973,22.281,60.12584,22.90004,212.2001,4.634104E-07
38.25664,-6.053603,22.281,60.05814,22.90004,212.2001,4.634104E-07
38.27737,-6.096233,22.281,59.99045,22.90004,212.2001,4.634104E-07
38.29828,-6.138627,22.281,59.9226,22.90004,212.0001,-4.634104E-07
38.31906,-6.180546,22.281,59.85447,22.80003,211.6001,0
38.33992,-6.221389,22.281,59.78568,22.80004,210.7001,4.630697E-07
38.36099,-6.261147,22.281,59.71626,22.80003,209.8001,9.261396E-07
38.38171,-6.298952,22.281,59.64575,22.80003,208.2001,4.630697E-07
38.40274,-6.335395,22.281,59.57454,22.80004,207.1001,4.630697E-07
38.42368,-6.370214,22.281,59.50251,22.70004,205.8001,4.62731E-07
38.44447,-6.40415,22.281,59.43007,22.60004,205.1001,4.623941E-07
38.4649,-6.438086,22.281,59.35762,22.60004,205.1001,4.623941E-07
38.48558,-6.471896,22.281,59.28511,22.50004,205.0001,0
38.50669,-6.505705,22.281,59.21261,22.50004,205.0001,0
38.5274,-6.54002,22.281,59.14034,22.50004,205.4001,0
38.54823,-6.570364,22.281,59.07269,22.50004,207.1001,0
38.56935,-6.530051,22.281,58.9935,22.50004,208.6001,9.241182E-07
38.58999,-6.512855,22.281,58.94654,22.10004,211.2001,0
38.61079,-6.499456,22.281,58.89579,21.20004,214.2001,0
38.63148,-6.490893,22.281,58.84012,20.60004,216.3001,0
38.65219,-6.487895,22.281,58.78113,20.20004,219.5001,-4.548642E-07
38.67324,-6.493576,22.281,58.71772,19.70004,221.2001,4.534256E-07
38.69424,-6.497292,22.281,58.65623,19.20004,223.1001,4.520304E-07
38.7148,-6.509812,22.281,58.5907,18.70004,224.3001,-4.50678E-07
38.73554,-6.511354,22.281,58.53276,18.40004,225.1001,4.498869E-07
38.74952,-6.512853,22.281,58.47648,17.70004,226.8001,0
38.77038,-6.512853,22.281,58.47648,17.40004,227.7001,4.473578E-07
38.78384,-6.512853,22.281,58.47648,16.30004,230.2001,0
38.80458,-6.512853,22.281,58.47648,15.70004,232.0001,-4.434306E-07
38.81861,-6.512853,22.281,58.47648,15.10004,234.1001,4.421533E-07
38.83915,-6.512853,22.281,58.47648,14.40004,236.6001,4.407333E-07
38.85297,-6.512853,22.281,58.47648,13.30004,240.5001,-4.38652E-07
38.87378,-6.512853,22.281,58.47648,13.00004,241.8001,8.762315E-07
38.89431,-6.512853,22.281,58.47648,11.80004,246.4001,4.361028E-07
38.91488,-6.512853,22.281,58.47648,11.10004,250.2001,-4.35025E-07
38.93565,-6.512853,22.281,58.47648,10.80004,252.4001,4.345845E-07
38.95644,-6.512853,22.281,58.47648,10.60004,255.2001,0
38.97751,-6.512853,22.281,58.47648,10.60004,256.8001,0
38.99829,-6.512853,22.281,58.47648,10.60004,259.0001,0
39.01889,-6.512853,22.281,58.47648,10.80004,261.1001,0
39.03995,-6.512853,22.281,58.47648,11.10004,262.4001,-8.7005E-07
39.06078,-6.512853,22.281,58.47648,11.30004,263.9001,-4.353258E-07
39.08155,-6.512853,22.281,58.47648,11.60004,264.6001,-4.357877E-07
39.10246,-6.512853,22.281,58.47648,12.10004,265.3001,-4.365864E-07
39.12319,-6.433068,22.281,58.48234,12.90004,265.8001,0
39.14417,-6.353243,22.281,58.48764,13.90004,266.2001,0
39.16514,-6.27341,22.281,58.49281,16.40004,266.3001,-8.899837E-07
39.18595,-6.193605,22.281,58.49839,18.80004,266.0001,9.018903E-07
39.20686,-6.113987,22.281,58.50619,23.80005,264.4001,9.331272E-07
39.22776,-6.0346,22.281,58.51608,27.80004,262.9001,9.651733E-07
39.24871,-5.876043,22.281,58.53752,29.80004,262.3001,-9.838762E-07
39.26941,-5.796841,22.281,58.54879,31.20004,261.9001,0
39.29039,-5.717679,22.281,58.56034,31.60004,261.7001,0
39.3114,-5.638578,22.281,58.5723,32.10004,261.4001,-2.015705E-06
39.32496,-5.638578,22.281,58.5723,32.20004,261.3001,0
39.34573,-5.559499,22.281,58.5844,32.20004,261.3001,0
39.36692,-5.48042,22.281,58.5965,32.20004,261.3001,0
39.38062,-5.40134,22.281,58.6086,32.20004,261.3001,0
39.40174,-5.32226,22.281,58.6207,32.20004,261.3001,0
39.42272,-5.243181,22.281,58.6328,32.20004,261.3001,0
39.44344,-5.164101,22.281,58.64491,31.70004,261.3001,2.006965E-06
39.45758,-5.085022,22.281,58.65701,31.40003,261.3001,-2.000523E-06
39.47827,-5.005942,22.281,58.66911,31.20004,261.3001,0
39.49906,-4.926906,22.281,58.68148,30.70004,261.1001,0
39.51975,-4.847868,22.281,58.69386,30.70004,261.1001,0
39.53366,-4.768832,22.281,58.70624,30.30004,261.1001,0
39.55501,-4.689795,22.281,58.71862,30.30004,261.1001,0
39.5754,-4.61078,22.281,58.73113,30.00004,261.0001,-9.85853E-07
39.59617,-4.61078,22.281,58.73113,29.90003,261.0001,-9.84862E-07
39.61701,-4.61078,22.281,58.73113,29.90003,261.0001,-9.84862E-07
39.63773,-4.61078,22.281,58.73113,29.80003,261.0001,0
39.65197,-4.61078,22.281,58.73113,29.80003,261.0001,0
39.67308,-4.61078,22.281,58.73113,29.80003,261.0001,0
39.69364,-4.61078,22.281,58.73113,29.60003,261.0001,-9.819192E-07
39.71415,-4.61078,22.281,58.73113,29.50003,261.0001,-1.961896E-06
39.72797,-4.61078,22.281,58.73113,29.40003,261.0001,0
39.74912,-4.61078,22.281,58.73113,29.20003,261.0001,-9.780642E-07
39.76966,-4.61078,22.281,58.73113,29.10003,261.0001,-9.771126E-07
39.79062,-4.61078,22.281,58.73113,29.10003,261.0001,-9.771126E-07
39.81139,-4.61078,22.281,58.73113,29.00003,261.0001,-9.761657E-07
39.82531,-4.61078,22.281,58.73113,29.00003,261.0001,-9.761657E-07
39.84607,-4.61078,22.281,58.73113,29.00003,261.0001,-9.761657E-07
39.86719,-4.61078,22.281,58.73113,29.00003,261.0001,-9.761657E-07
39.88787,-4.61078,22.281,58.73113,28.90003,261.0001,0
39.9017,-4.61078,22.281,58.73113,28.80003,261.0001,-1.948573E-06
39.92258,-4.61078,22.281,58.73113,28.80003,261.0001,-1.948573E-06
39.94334,-4.61078,22.281,58.73113,28.80003,261.0001,-1.948573E-06
39.96418,-4.61078,22.281,58.73113,28.80003,261.0001,-1.948573E-06
39.9852,-4.61078,22.281,58.73113,28.80003,261.0001,-1.948573E-06
39.99895,-4.61078,22.281,58.73113,28.80003,261.0001,-1.948573E-06
40.01986,-4.61078,22.281,58.73113,28.80003,261.0001,-1.948573E-06
40.04072,-4.61078,22.281,58.73113,28.80003,261.0001,-1.948573E-06
40.06141,-4.61078,22.281,58.73113,28.70003,261.0001,-9.733541E-07
40.07541,-4.61078,22.281,58.73113,28.60003,261.0001,0
40.09623,-4.61078,22.281,58.73113,28.40003,261.0001,0
40.117,-4.61078,22.281,58.73113,28.00003,261.0001,-9.669586E-07
40.13807,-4.61078,22.281,58.73113,27.60003,261.0001,9.63406E-07
40.15861,-4.61078,22.281,58.73113,26.50003,261.0001,9.540072E-07
40.17257,-4.61078,22.281,58.73113,24.90003,261.0001,0
40.19322,-4.61078,22.281,58.73113,24.20003,260.7001,-9.360323E-07
40.2141,-4.61078,22.281,58.73113,22.00003,259.4001,0
40.23491,-4.61078,22.281,58.73113,19.50003,257.3001,9.057248E-07
40.24899,-4.61078,22.281,58.73113,17.40003,255.6001,0
40.26968,-4.61078,22.281,58.73113,15.10003,253.7001,0
40.29065,-4.61078,22.281,58.73113,13.10003,252.0001,-4.38293E-07
40.30467,-4.61078,22.281,58.73113,11.10003,250.3001,4.35025E-07
40.32545,-4.61078,22.281,58.73113,10.30003,249.9001,8.677575E-07
40.33922,-4.61078,22.281,58.73113,9.800028,249.9001,8.664165E-07
40.36019,-4.61078,22.281,58.73113,9.100027,250.2001,4.323282E-07
40.38106,-4.61078,22.281,58.73113,8.800027,250.3001,0
40.39472,-4.61078,22.281,58.73113,8.800027,250.3001,0
40.41578,-4.61078,22.281,58.73113,8.800027,250.3001,0
40.42928,-4.61078,22.281,58.73113,8.800027,250.3001,0
40.45064,-4.61078,22.281,58.73113,8.800027,250.3001,0
40.47138,-4.61078,22.281,58.73113,8.800027,250.3001,0
40.48523,-4.61078,22.281,58.73113,8.800027,250.3001,0
40.50601,-4.61078,22.281,58.73113,8.800027,250.3001,0
40.51983,-4.61078,22.281,58.73113,8.800027,250.3001,0
40.54055,-4.61078,22.281,58.73113,8.800027,250.3001,0
40.55467,-4.61078,22.281,58.73113,8.800027,250.3001,0
40.57528,-4.61078,22.281,58.73113,8.800027,250.3001,0
40.59612,-4.61078,22.281,58.73113,8.800027,250.3001,0
40.61008,-4.61078,22.281,58.73113,8.800027,250.3001,0
40.63096,-4.61078,22.281,58.73113,8.800027,250.3001,0
40.64476,-4.61078,22.281,58.73113,8.800027,250.3001,0
40.66566,-4.61078,22.281,58.73113,8.800027,250.3001,0
40.67933,-4.61078,22.281,58.73113,8.800027,250.3001,0
40.70041,-4.61078,22.281,58.73113,8.800027,250.3001,0
40.7212,-4.61078,22.281,58.73113,8.800027,250.3001,0
40.735,-4.61078,22.281,58.73113,8.800027,250.3001,0
40.75604,-4.61078,22.281,58.73113,8.800027,250.3001,0
40.76968,-4.61078,22.281,58.73113,8.800027,250.3001,0
40.79058,-4.61078,22.281,58.73113,8.800027,250.3001,0
40.80463,-4.61078,22.281,58.73113,8.400028,249.0001,-4.31516E-07
40.8256,-4.61078,22.281,58.73113,8.200029,248.2001,0
40.84656,-4.61078,22.281,58.73113,7.800028,245.1001,-2.154367E-07
40.86021,-4.61078,22.281,58.73113,7.300027,241.4001,0
40.88144,-4.61078,22.281,58.73113,7.100028,240.2001,-2.150928E-07
40.90224,-4.61078,22.281,58.73113,6.500027,236.0001,0
40.92299,-4.61078,22.281,58.73113,6.200027,231.5001,2.146992E-07
40.94405,-4.61078,22.281,58.73113,6.100028,228.6001,0
40.96478,-4.61078,22.281,58.73113,6.100028,224.1001,0
40.98572,-4.61078,22.281,58.73113,6.100029,221.2001,0
41.00641,-4.61078,22.281,58.73113,6.100028,217.1001,0
41.02728,-4.61078,22.281,58.73113,6.100028,213.4001,1.073294E-07
41.04823,-4.61078,22.281,58.73113,6.100029,211.2001,1.073294E-07
41.06896,-4.61078,22.281,58.73113,6.100028,208.6001,-1.073294E-07
41.08968,-4.61078,22.281,58.73113,6.100028,207.3001,1.073294E-07
41.11044,-4.61078,22.281,58.73113,6.100028,206.0001,0
41.13188,-4.645221,22.281,58.65892,6.100028,205.5001,1.073294E-07
41.15227,-4.679662,22.281,58.58672,6.100028,205.5001,1.073294E-07
41.17339,-4.714103,22.281,58.51451,6.100028,205.5001,1.073294E-07
41.18678,-4.714103,22.281,58.51451,6.100028,205.5001,1.073294E-07
41.2078,-4.748544,22.281,58.4423,6.100028,205.5001,1.073294E-07
41.22137,-4.782985,22.281,58.37009,6.100028,205.5001,1.073294E-07
41.24246,-4.817426,22.281,58.29789,6.100028,205.5001,1.073294E-07
41.25652,-4.851741,22.281,58.22562,6.000027,205.4001,0
41.27713,-4.886055,22.281,58.15335,6.000027,205.4001,0
41.29796,-4.920496,22.281,58.08115,5.900028,205.5001,0
41.31182,-4.955189,22.281,58.00906,5.800028,205.7001,0
41.32565,-4.955189,22.281,58.00906,5.700027,205.8001,-1.07252E-07
41.34656,-4.990134,22.281,57.9371,5.700027,205.9001,-1.07252E-07
41.36047,-5.025954,22.281,57.86557,5.400027,206.6001,-1.071974E-07
41.3814,-5.062522,22.281,57.79441,5.300027,207.2001,0
41.39526,-5.100204,22.281,57.72384,5.300027,208.1001,0
41.41602,-5.139354,22.281,57.65408,5.300027,209.3001,1.071799E-07
41.42981,-5.18151,22.281,57.58609,5.300027,211.8001,-1.071799E-07
41.45065,-5.226246,22.281,57.51976,5.300027,214.0001,-1.071799E-07
41.46451,-5.226246,22.281,57.51976,5.300027,216.7001,1.0718E-07
41.48522,-5.277025,22.281,57.45794,5.700028,219.4001,-2.14504E-07
41.49912,-5.330555,22.281,57.39849,6.300028,222.0001,0
41.52016,-5.386328,22.281,57.34114,6.900027,224.2001,0
41.534,-5.445499,22.281,57.2873,7.900028,227.7001,0
41.55463,-5.506693,22.281,57.23577,8.500028,229.9001,2.158139E-07
41.56859,-5.569388,22.281,57.18608,9.000028,231.6001,2.16104E-07
41.58932,-5.633363,22.281,57.13804,9.40003,233.1001,0
41.60312,-5.633363,22.281,57.13804,9.800027,234.6001,0
41.62423,-5.699764,22.281,57.09342,10.10003,236.1001,0
41.63792,-5.767975,22.281,57.05162,10.50003,238.5001,0
41.6588,-5.837188,22.281,57.0115,10.60003,239.9001,0
41.67252,-5.907292,22.281,56.97296,10.80003,241.2001,4.345845E-07
41.69319,-5.978189,22.281,56.9359,11.00003,242.4001,-4.348767E-07
41.70746,-5.978189,22.281,56.9359,11.10003,243.4001,8.7005E-07
41.72771,-5.978189,22.281,56.9359,11.20003,244.3001,0
41.74162,-5.978189,22.281,56.9359,11.30003,245.0001,0
41.75569,-5.978189,22.281,56.9359,11.30003,245.1001,4.353258E-07
41.77604,-5.978189,22.281,56.9359,11.30003,245.2001,8.706517E-07
41.79043,-5.978189,22.281,56.9359,11.30003,245.2001,8.706517E-07
41.81132,-5.978189,22.281,56.9359,11.40003,245.3001,0
41.83212,-5.978189,22.281,56.9359,11.40003,245.3001,0
41.84589,-5.978189,22.281,56.9359,11.40003,245.3001,0
41.86672,-5.978189,22.281,56.9359,11.40003,245.3001,0
41.88729,-5.978189,22.281,56.9359,11.40003,245.3001,0
41.90829,-5.978189,22.281,56.9359,11.40003,245.3001,0
41.9291,-5.978189,22.281,56.9359,11.40003,245.3001,0
41.95014,-5.978189,22.281,56.9359,11.40003,245.3001,0
41.97082,-5.978189,22.281,56.9359,11.40003,245.3001,0
41.99187,-5.978189,22.281,56.9359,11.40003,245.3001,0
42.01266,-5.978189,22.281,56.9359,11.40003,245.3001,0
42.03359,-5.978189,22.281,56.9359,11.40003,245.3001,0
42.05452,-5.978189,22.281,56.9359,11.40003,245.3001,0
42.07499,-5.978189,22.281,56.9359,11.50003,245.2001,8.712647E-07
42.09584,-5.978189,22.281,56.9359,11.50003,245.2001,8.712647E-07
42.11676,-5.978189,22.281,56.9359,11.50003,245.1001,0
42.1375,-5.978189,22.281,56.9359,11.40003,245.0001,4.354783E-07
42.15855,-5.978189,22.281,56.9359,11.40003,245.0001,4.354783E-07
42.17224,-5.978189,22.281,56.9359,11.30003,244.9001,8.706517E-07
42.19329,-5.978189,22.281,56.9359,11.20003,244.8001,-8.703493E-07
42.21407,-5.978189,22.281,56.9359,11.20003,244.8001,-8.703493E-07
42.22787,-5.978189,22.281,56.9359,11.00003,244.6001,0
42.24864,-5.978189,22.281,56.9359,11.00003,244.6001,0
42.26236,-5.978189,22.281,56.9359,11.00003,244.6001,0
42.28391,-5.978189,22.281,56.9359,11.00003,244.6001,0
42.30449,-5.978189,22.281,56.9359,10.80003,244.4001,4.345845E-07
42.32484,-5.978189,22.281,56.9359,10.70003,244.0001,-4.344405E-07
42.33888,-5.978189,22.281,56.9359,10.70003,243.5001,0
42.35978,-5.978189,22.281,56.9359,10.70003,242.7001,4.344405E-07
42.37379,-5.978189,22.281,56.9359,10.70003,240.9001,0
42.38783,-5.978189,22.281,56.9359,10.70003,239.0001,0
42.40861,-5.978189,22.281,56.9359,10.70003,237.8001,0
42.42252,-5.978189,22.281,56.9359,10.60003,233.0001,4.34298E-07
42.44342,-5.978189,22.281,56.9359,10.40003,229.5001,0
42.45753,-5.978189,22.281,56.9359,10.20003,225.6001,-4.337419E-07
42.47827,-5.978189,22.281,56.9359,10.10003,221.7001,4.336063E-07
42.49221,-5.978189,22.281,56.9359,10.10003,217.0001,4.336064E-07
42.50622,-5.978189,22.281,56.9359,10.10003,215.6001,2.168031E-07
42.52689,-5.978189,22.281,56.9359,10.10003,213.6001,0
42.54108,-5.978189,22.281,56.9359,10.10003,210.9001,0
42.56174,-5.978189,22.281,56.9359,10.10003,210.2001,-2.168032E-07
42.5754,-5.978189,22.281,56.9359,10.20003,208.5001,-2.168709E-07
42.5965,-5.978189,22.281,56.9359,10.30003,207.6001,0
42.61027,-5.978189,22.281,56.9359,10.40003,206.7001,0
42.63122,-5.978189,22.281,56.9359,10.50003,205.7001,-2.170784E-07
42.6452,-5.978189,22.281,56.9359,10.50003,203.9001,0
42.66581,-5.978189,22.281,56.9359,10.60003,203.3001,0
42.67969,-5.978189,22.281,56.9359,10.60003,201.1001,0
42.70087,-5.978189,22.281,56.9359,10.70003,199.6001,0
42.71457,-5.978189,22.281,56.9359,10.70003,198.4001,-1.086101E-07
42.73538,-5.978189,22.281,56.9359,10.80003,197.4001,-1.086461E-07
42.74928,-5.978189,22.281,56.9359,11.00003,196.1001,1.087192E-07
42.763,-5.978189,22.281,56.9359,11.10003,195.7001,0
42.78399,-5.978189,22.281,56.9359,11.10003,195.2001,-1.087562E-07
42.79787,-5.978189,22.281,56.9359,11.10003,194.8001,0
42.81874,-5.978189,22.281,56.9359,11.20003,194.5001,1.087937E-07
42.83227,-5.978189,22.281,56.9359,11.20003,194.4001,1.087937E-07
42.85326,-5.978189,22.281,56.9359,11.20003,194.4001,1.087937E-07
42.86705,-5.978189,22.281,56.9359,11.20003,194.4001,1.087937E-07
42.88127,-5.998084,22.281,56.85841,11.20003,194.4001,1.087937E-07
42.89473,-6.017979,22.281,56.78093,11.20003,194.4001,1.087937E-07
42.9157,-6.037874,22.281,56.70344,11.20003,194.4001,1.087937E-07
42.92947,-6.05777,22.281,56.62595,11.20003,194.4001,1.087937E-07
42.94349,-6.05777,22.281,56.62595,11.20003,194.4001,1.087937E-07
42.9648,-6.077665,22.281,56.54847,11.20003,194.4001,1.087937E-07
42.97815,-6.09756,22.281,56.47098,11.20003,194.4001,1.087937E-07
42.99209,-6.117455,22.281,56.39349,11.20003,194.4001,1.087937E-07
43.00604,-6.117455,22.281,56.39349,11.20003,194.4001,1.087937E-07
43.02685,-6.137351,22.281,56.31601,11.20003,194.4001,1.087937E-07
43.04106,-6.157246,22.281,56.23852,11.20003,194.4001,1.087937E-07
43.05452,-6.177142,22.281,56.16103,11.20003,194.4001,1.087937E-07
43.06853,-6.197037,22.281,56.08355,11.20003,194.4001,1.087937E-07
43.08245,-6.197037,22.281,56.08355,11.20003,194.4001,1.087937E-07
43.10319,-6.216932,22.281,56.00606,11.20003,194.4001,1.087937E-07
43.117,-6.236827,22.281,55.92857,11.20003,194.4001,1.087937E-07
43.13111,-6.256723,22.281,55.85109,11.20003,194.4001,1.087937E-07
43.14495,-6.256723,22.281,55.85109,11.20003,194.4001,1.087937E-07
43.15885,-6.276483,22.281,55.77357,11.10003,194.3001,0
43.17981,-6.296243,22.281,55.69604,11.10003,194.3001,0
43.19364,-6.316003,22.281,55.61852,11.10003,194.3001,0
43.20751,-6.316003,22.281,55.61852,11.10003,194.3001,0
43.22153,-6.335763,22.281,55.541,11.10003,194.3001,0
43.24213,-6.355523,22.281,55.46348,11.10003,194.3001,0
43.25591,-6.375283,22.281,55.38596,11.10003,194.3001,0
43.26985,-6.395043,22.281,55.30844,11.10003,194.3001,0
43.28404,-6.395043,22.281,55.30844,11.10003,194.3001,0
43.29786,-6.414938,22.281,55.23095,11.00003,194.4001,-1.087192E-07
43.31849,-6.434834,22.281,55.15347,11.00003,194.4001,-1.087192E-07
43.33234,-6.454999,22.281,55.07605,10.80003,194.6001,0
43.3466,-6.454999,22.281,55.07605,10.80003,194.6001,0
43.36038,-6.475435,22.281,54.9987,10.70003,194.8001,0
43.3738,-6.49641,22.281,54.9215,10.60003,195.2001,2.17149E-07
43.38799,-6.49641,22.281,54.9215,10.60003,195.4001,0
43.40916,-6.539438,22.281,54.7674,10.60003,195.6001,0
43.42391,-6.539438,22.281,54.7674,10.60003,196.1001,-1.085745E-07
43.43638,-6.562025,22.281,54.69065,10.50003,196.4001,1.085392E-07
43.45038,-6.584746,22.281,54.61395,10.50003,196.5001,1.085392E-07
43.46453,-6.584746,22.281,54.61395,10.50003,196.6001,-1.085392E-07
43.47841,-6.597205,22.281,54.53728,10.50003,196.6001,-1.085392E-07
43.49226,-6.597205,22.281,54.46061,10.50003,196.6001,-1.085392E-07
43.5058,-6.597205,22.281,54.46061,10.50003,196.6001,-1.085392E-07
43.51962,-6.597205,22.281,54.38395,10.50003,196.6001,-1.085392E-07
43.54058,-6.575137,22.281,54.32387,10.50003,196.6001,-1.085392E-07
43.55461,-6.560475,22.281,54.2552,10.50003,196.5001,1.085392E-07
43.56855,-6.55738,22.281,54.17935,10.70003,196.0001,0
43.58242,-6.55738,22.281,54.17935,10.90003,195.2001,0
43.59614,-6.55987,22.281,54.10177,11.20003,194.2001,-1.087937E-07
43.61031,-6.572157,22.281,54.02317,11.30003,193.5001,0
43.62426,-6.572157,22.281,54.02317,11.60003,191.8001,-1.089469E-07
43.64508,-6.585637,22.281,53.94431,11.90003,189.7001,0
43.65886,-6.596079,22.281,53.865,11.90003,187.5001,-1.090656E-07
43.6727,-6.596079,22.281,53.865,11.90003,185.1001,0
43.68634,-6.596079,22.281,53.865,11.90003,182.4001,-2.726641E-08
43.70015,-6.596079,22.281,53.865,11.90003,179.8001,1.704151E-09
43.71432,-6.596079,22.281,53.865,11.90003,178.5001,1.363321E-08
43.73488,-6.596079,22.281,53.865,11.90003,175.9001,0
43.74888,-6.596079,22.281,53.865,11.90003,172.4001,0
43.76307,-6.596079,22.281,53.865,11.90003,171.3001,5.453282E-08
43.77689,-6.596079,22.281,53.865,11.90003,169.6001,0
43.7976,-6.596079,22.281,53.865,11.90003,168.5001,-1.090657E-07
43.81158,-6.596079,22.281,53.865,12.00003,168.2001,1.091059E-07
43.83243,-6.596079,22.281,53.865,12.00003,168.1001,-1.091059E-07
43.84617,-6.596079,22.281,53.865,12.00003,168.1001,-1.091059E-07
43.86718,-6.596079,22.281,53.865,12.00003,168.0001,0
43.88081,-6.596079,22.281,53.865,12.00003,168.0001,0
43.9021,-6.596079,22.281,53.865,12.00003,168.0001,0
43.91559,-6.596079,22.281,53.865,12.00003,167.9001,0
43.93658,-6.596079,22.281,53.865,12.00003,167.8001,0
43.95031,-6.596079,22.281,53.865,12.00003,167.7001,0
43.9713,-6.596079,22.281,53.865,12.00003,167.6001,0
43.99244,-6.596079,22.281,53.865,12.00003,167.6001,0
44.00611,-6.596079,22.281,53.865,12.00003,167.6001,0
44.02689,-6.5789,22.281,53.78687,12.00003,167.6001,0
44.0408,-6.561721,22.281,53.70873,12.00003,167.6001,0
44.06189,-6.544543,22.281,53.6306,12.00003,167.6001,0
44.07545,-6.527364,22.281,53.55246,12.00003,167.6001,0
44.09634,-6.510185,22.281,53.47433,12.00003,167.6001,0
44.11035,-6.493007,22.281,53.39619,12.00003,167.6001,0
44.13096,-6.475828,22.281,53.31806,12.00003,167.6001,0
44.1449,-6.475828,22.281,53.31806,12.00003,167.6001,0
44.1586,-6.458649,22.281,53.23993,12.00003,167.6001,0
44.17962,-6.441471,22.281,53.16179,12.00003,167.6001,0
44.19334,-6.424292,22.281,53.08366,12.00003,167.6001,0
44.20702,-6.424292,22.281,53.08366,12.00003,167.6001,0
44.22785,-6.407113,22.281,53.00552,12.00003,167.6001,0
44.24192,-6.389934,22.281,52.92739,12.00003,167.6001,0
44.25554,-6.372756,22.281,52.84926,12.00003,167.6001,0
44.2765,-6.355577,22.281,52.77113,12.00003,167.6001,0
44.29043,-6.338398,22.281,52.69299,12.00003,167.6001,0
44.30449,-6.338398,22.281,52.69299,12.00003,167.6001,0
44.31812,-6.321219,22.281,52.61486,12.00003,167.6001,0
44.33888,-6.30404,22.281,52.53672,12.00003,167.6001,0
44.35269,-6.286862,22.281,52.45859,12.00003,167.6001,0
44.36714,-6.286862,22.281,52.45859,12.00003,167.6001,0
44.38066,-6.269683,22.281,52.38046,12.00003,167.6001,0
44.40179,-6.252504,22.281,52.30232,12.00003,167.6001,0
44.41536,-6.235326,22.281,52.22419,11.80003,167.6001,-1.090257E-07
44.42902,-6.21842,22.281,52.14599,11.70003,167.8001,0
44.443,-6.21842,22.281,52.14599,11.60003,167.9001,-1.089469E-07
44.46374,-6.20206,22.281,52.06768,11.60003,168.2001,0
44.47751,-6.185974,22.281,51.98932,11.50004,168.4001,0
44.49159,-6.170025,22.281,51.91092,11.50003,168.5001,0
44.50571,-6.170025,22.281,51.91092,11.40003,168.7001,0
44.5264,-6.154897,22.281,51.83237,11.30003,169.1001,-1.088315E-07
44.54049,-6.140868,22.281,51.75361,11.10003,169.9001,0
44.55432,-6.127389,22.281,51.67475,11.00003,170.3001,1.087192E-07
44.57529,-6.114737,22.281,51.59576,10.80003,170.9001,-5.432307E-08
44.59587,-6.103326,22.281,51.51657,10.70003,171.8001,0
44.61677,-6.092885,22.281,51.43726,10.60003,172.5001,5.428725E-08
44.63745,-6.084383,22.281,51.35771,10.40003,173.9001,0
44.65841,-6.077828,22.281,51.27798,10.20003,175.3001,0
44.67935,-6.074758,22.281,51.19804,9.700031,177.8001,1.35337E-08
44.69332,-6.076712,22.281,51.11806,9.200033,181.4001,0
44.70696,-6.076712,22.281,51.11806,9.000031,182.7001,0
44.72071,-6.085074,22.281,51.0385,8.600032,186.0001,0
44.73467,-6.098416,22.281,50.95963,7.900032,189.6001,-5.387213E-08
44.74849,-6.117634,22.281,50.88197,6.900032,193.9001,5.375015E-08
44.76271,-6.117634,22.281,50.88197,6.300033,196.1001,0
44.77639,-6.145913,22.281,50.80713,5.100032,200.7001,-1.071459E-07
44.79044,-6.180101,22.281,50.73481,3.900032,205.3001,0
44.80415,-6.180101,22.281,50.73481,2.800032,209.7001,0
44.82508,-6.222613,22.281,50.66703,2.100032,212.1001,5.339671E-08
44.84588,-6.273067,22.281,50.60495,0.1000315,219.1001,0
44.8667,-6.330127,22.281,50.54888,358.7,225.5001,-5.337459E-08
44.88046,-6.390504,22.281,50.4964,358.2,229.0001,0
44.89458,-6.453802,22.281,50.44747,357.6,232.3001,0
44.90812,-6.453802,22.281,50.44747,356.9,235.1001,-1.068781E-07
44.92212,-6.520436,22.281,50.4032,356.5,236.4001,0
44.93604,-6.588793,22.281,50.36164,355.8,238.7001,0
44.94997,-6.658421,22.281,50.32225,355,240.5001,0
44.96333,-6.658421,22.281,50.32225,354.3,242.0001,2.14504E-07
44.97725,-6.658421,22.281,50.32225,354,242.5001,-2.146191E-07
44.99122,-6.658421,22.281,50.32225,353.5,243.4001,0
45.00503,-6.658421,22.281,50.32225,353.3,244.0001,-4.298222E-07
45.01882,-6.658421,22.281,50.32225,353.2,244.3001,0
45.03292,-6.658421,22.281,50.32225,353,244.7001,-2.150463E-07
45.04662,-6.658421,22.281,50.32225,352.9,245.0001,0
45.06067,-6.658421,22.281,50.32225,352.8,245.2001,0
45.07451,-6.658421,22.281,50.32225,352.8,245.2001,0
45.08827,-6.658421,22.281,50.32225,352.8,245.2001,0
45.10218,-6.658421,22.281,50.32225,352.8,245.2001,0
45.11641,-6.658421,22.281,50.32225,352.8,245.2001,0
45.13031,-6.658421,22.281,50.32225,352.8,245.2001,0
45.14413,-6.658421,22.281,50.32225,352.8,245.2001,0
45.15794,-6.658421,22.281,50.32225,352.8,245.2001,0
45.17207,-6.658421,22.281,50.32225,352.8,245.2001,0
45.18578,-6.658421,22.281,50.32225,352.9,245.2001,2.150927E-07
45.19961,-6.658421,22.281,50.32225,353,245.2001,0
45.21359,-6.658421,22.281,50.32225,353.1,245.3001,2.150006E-07
45.22741,-6.658421,22.281,50.32225,353.1,245.3001,2.150006E-07
45.24147,-6.658421,22.281,50.32225,353.1,245.3001,2.150006E-07
45.25534,-6.658421,22.281,50.32225,353.1,245.3001,2.150006E-07
45.2691,-6.658421,22.281,50.32225,353.2,245.4001,-2.149555E-07
45.28309,-6.658421,22.281,50.32225,353.2,245.4001,-2.149555E-07
45.29683,-6.658421,22.281,50.32225,353.2,245.4001,-2.149555E-07
45.31084,-6.658421,22.281,50.32225,353.2,245.4001,-2.149555E-07
45.32466,-6.658421,22.281,50.32225,353.2,245.4001,-2.149555E-07
45.33846,-6.658421,22.281,50.32225,353.2,245.4001,-2.149555E-07
45.35247,-6.658421,22.281,50.32225,353.2,245.4001,-2.149555E-07
45.36628,-6.658421,22.281,50.32225,353.2,245.4001,-2.149555E-07
45.38036,-6.658421,22.281,50.32225,353.2,245.4001,-2.149555E-07
45.39419,-6.658421,22.281,50.32225,353.2,245.4001,-2.149555E-07
45.40804,-6.658421,22.281,50.32225,353.2,245.6001,0
45.42196,-6.658421,22.281,50.32225,353.2,246.0001,-4.29911E-07
45.43602,-6.658421,22.281,50.32225,353.3,246.6001,0
45.44984,-6.658421,22.281,50.32225,353.3,246.9001,2.149111E-07
45.4636,-6.658421,22.281,50.32225,353.4,247.5001,0
45.47758,-6.658421,22.281,50.32225,353.5,248.1001,2.148243E-07
45.49155,-6.658421,22.281,50.32225,353.6,248.6001,-2.147819E-07
45.5055,-6.658421,22.281,50.32225,353.6,248.8001,2.147819E-07
45.51928,-6.658421,22.281,50.32225,353.6,249.2001,-2.147819E-07
45.53304,-6.658421,22.281,50.32225,353.6,249.4001,2.147819E-07
45.54691,-6.658421,22.281,50.32225,353.6,249.5001,-2.147819E-07
45.56092,-6.658421,22.281,50.32225,353.6,249.6001,-2.147819E-07
45.57466,-6.658421,22.281,50.32225,353.6,249.6001,-2.147819E-07
45.58859,-6.658421,22.281,50.32225,353.6,249.6001,-2.147819E-07
45.60238,-6.658421,22.281,50.32225,353.6,249.6001,-2.147819E-07
45.61647,-6.658421,22.281,50.32225,353.6,249.6001,-2.147819E-07
45.63032,-6.658421,22.281,50.32225,353.6,249.6001,-2.147819E-07
45.64413,-6.658421,22.281,50.32225,353.6,249.6001,-2.147819E-07
45.65791,-6.658421,22.281,50.32225,353.6,249.6001,-2.147819E-07
45.67208,-6.658421,22.281,50.32225,353.6,249.7001,2.147819E-07
45.686,-6.658421,22.281,50.32225,353.6,249.9001,-4.295639E-07
45.69978,-6.658421,22.281,50.32225,353.5,250.1001,0
45.71353,-6.658421,22.281,50.32225,353.4,250.2001,2.148674E-07
45.7275,-6.658421,22.281,50.32225,353.4,250.2001,2.148674E-07
45.7414,-6.658421,22.281,50.32225,353.4,250.2001,2.148674E-07
45.75523,-6.658421,22.281,50.32225,353.4,250.2001,2.148674E-07
45.76912,-6.658421,22.281,50.32225,353.4,250.2001,2.148674E-07
45.78296,-6.658421,22.281,50.32225,353.4,250.2001,2.148674E-07
45.79712,-6.658421,22.281,50.32225,353.4,250.1001,0
45.81087,-6.658421,22.281,50.32225,353.4,250.0001,0
45.82467,-6.658421,22.281,50.32225,353.4,249.9001,0
45.83857,-6.658421,22.281,50.32225,353.4,249.9001,0
45.85245,-6.658421,22.281,50.32225,353.4,249.9001,0
45.86645,-6.658421,22.281,50.32225,353.4,249.9001,0
45.88019,-6.658421,22.281,50.32225,353.4,249.9001,0
45.89404,-6.658421,22.281,50.32225,353.4,249.9001,0
45.90791,-6.658421,22.281,50.32225,353.4,249.9001,0
45.92184,-6.658421,22.281,50.32225,353.4,249.9001,0
45.93583,-6.658421,22.281,50.32225,353.4,249.9001,0
45.94966,-6.658421,22.281,50.32225,353.4,249.9001,0
45.96351,-6.658421,22.281,50.32225,353.4,249.9001,0
45.97733,-6.658421,22.281,50.32225,353.4,249.9001,0
45.99136,-6.658421,22.281,50.32225,353.4,249.9001,0
46.00529,-6.658421,22.281,50.32225,353.4,249.9001,0
46.01903,-6.658421,22.281,50.32225,353.4,249.9001,0
46.03304,-6.658421,22.281,50.32225,353.4,249.9001,0
46.04692,-6.658421,22.281,50.32225,353.4,249.9001,0
46.06092,-6.658421,22.281,50.32225,353.4,249.9001,0
46.07466,-6.658421,22.281,50.32225,353.4,249.9001,0
46.08873,-6.658421,22.281,50.32225,353.4,249.9001,0
46.10242,-6.658421,22.281,50.32225,353.4,249.9001,0
46.11623,-6.658421,22.281,50.32225,353.4,249.9001,0
46.1301,-6.658421,22.281,50.32225,353.4,249.9001,0
46.14406,-6.658421,22.281,50.32225,353.4,249.9001,0
46.15799,-6.658421,22.281,50.32225,353.4,249.9001,0
46.17205,-6.658421,22.281,50.32225,353.4,249.9001,0
46.18565,-6.658421,22.281,50.32225,353.4,249.9001,0
46.19959,-6.658421,22.281,50.32225,353.4,249.9001,0
46.21354,-6.658421,22.281,50.32225,353.4,249.9001,0
46.22762,-6.658421,22.281,50.32225,353.4,249.9001,0
46.24145,-6.658421,22.281,50.32225,353.4,249.9001,0
46.25505,-6.658421,22.281,50.32225,353.4,249.9001,0
46.26905,-6.658421,22.281,50.32225,353.4,249.9001,0
46.28297,-6.658421,22.281,50.32225,353.4,249.9001,0
46.29697,-6.658421,22.281,50.32225,353.4,249.9001,0
46.31093,-6.658421,22.281,50.32225,353.4,249.9001,0
46.32475,-6.658421,22.281,50.32225,353.4,249.9001,0
46.33863,-6.658421,22.281,50.32225,353.4,249.9001,0
46.3524,-6.658421,22.281,50.32225,353.4,249.9001,0
46.36643,-6.658421,22.281,50.32225,353.4,249.9001,0
46.38023,-6.658421,22.281,50.32225,353.4,249.9001,0
46.39421,-6.658421,22.281,50.32225,353.4,249.9001,0
46.40812,-6.658421,22.281,50.32225,353.4,249.9001,0
46.42186,-6.658421,22.281,50.32225,353.4,249.9001,0
46.43587,-6.658421,22.281,50.32225,353.4,249.9001,0
46.44953,-6.658421,22.281,50.32225,353.4,249.9001,0
46.4635,-6.658421,22.281,50.32225,353.4,249.9001,0
46.47756,-6.658421,22.281,50.32225,353.4,249.9001,0
46.49141,-6.658421,22.281,50.32225,353.4,249.9001,0
46.50534,-6.658421,22.281,50.32225,353.4,249.9001,0
46.51906,-6.658421,22.281,50.32225,353.4,249.9001,0
46.53299,-6.658421,22.281,50.32225,353.4,249.9001,0
46.54699,-6.658421,22.281,50.32225,353.4,249.9001,0
46.56098,-6.658421,22.281,50.32225,353.4,249.9001,0
46.57462,-6.658421,22.281,50.32225,353.4,249.9001,0
46.58868,-6.658421,22.281,50.32225,353.4,249.9001,0
46.60257,-6.658421,22.281,50.32225,353.4,249.9001,0
46.61641,-6.658421,22.281,50.32225,353.4,249.9001,0
46.63011,-6.658421,22.281,50.32225,353.4,249.9001,0
46.64406,-6.658421,22.281,50.32225,353.4,249.9001,0
46.65817,-6.658421,22.281,50.32225,353.4,249.9001,0
46.67213,-6.658421,22.281,50.32225,353.4,249.9001,0
46.68588,-6.658421,22.281,50.32225,353.4,249.9001,0
46.69964,-6.658421,22.281,50.32225,353.4,249.9001,0
46.71348,-6.658421,22.281,50.32225,353.4,249.9001,0
46.72764,-6.658421,22.281,50.32225,353.4,249.9001,0
46.74137,-6.658421,22.281,50.32225,353.4,249.9001,0
46.75505,-6.658421,22.281,50.32225,353.4,249.9001,0
46.76925,-6.658421,22.281,50.32225,353.4,249.9001,0
46.78316,-6.658421,22.281,50.32225,353.3,249.9001,-2.149111E-07
46.79691,-6.658421,22.281,50.32225,353.3,249.9001,-2.149111E-07
46.81087,-6.658421,22.281,50.32225,353.3,249.9001,-2.149111E-07
46.82458,-6.658421,22.281,50.32225,353.3,249.9001,-2.149111E-07
46.83876,-6.658421,22.281,50.32225,353.1,249.8001,0
46.85219,-6.658421,22.281,50.32225,353.1,249.8001,0
46.8664,-6.658421,22.281,50.32225,353.1,249.8001,0
46.88015,-6.658421,22.281,50.32225,353.1,249.8001,0
46.89402,-6.658421,22.281,50.32225,353.1,249.8001,0
46.90767,-6.658421,22.281,50.32225,353.1,249.8001,0
46.92179,-6.658421,22.281,50.32225,353.1,249.8001,0
46.93586,-6.658421,22.281,50.32225,353.1,249.8001,0
46.94963,-6.658421,22.281,50.32225,353,249.9001,-2.150463E-07
46.9636,-6.658421,22.281,50.32225,353,249.9001,-2.150463E-07
46.97736,-6.658421,22.281,50.32225,353,249.9001,-2.150463E-07
46.99142,-6.658421,22.281,50.32225,352.9,250.0001,2.150928E-07
47.00505,-6.658421,22.281,50.32225,352.9,250.1001,0
47.01887,-6.658421,22.281,50.32225,352.9,250.1001,0
47.03295,-6.658421,22.281,50.32225,352.9,250.1001,0
47.04708,-6.658421,22.281,50.32225,352.9,250.2001,2.150927E-07
47.06098,-6.658421,22.281,50.32225,352.9,250.2001,2.150927E-07
47.07436,-6.658421,22.281,50.32225,352.9,250.2001,2.150927E-07
47.08831,-6.658421,22.281,50.32225,352.9,250.3001,2.150927E-07
47.10229,-6.658421,22.281,50.32225,352.9,250.4001,0
47.11644,-6.658421,22.281,50.32225,352.9,250.6001,-4.301855E-07
47.13027,-6.658421,22.281,50.32225,352.9,250.7001,-2.150928E-07
47.14422,-6.658421,22.281,50.32225,352.9,251.0001,0
47.15782,-6.658421,22.281,50.32225,352.9,251.3001,2.150927E-07
47.17187,-6.658421,22.281,50.32225,352.9,251.7001,2.150928E-07
47.18555,-6.658421,22.281,50.32225,353,251.9001,0
47.19941,-6.658421,22.281,50.32225,353,252.3001,-4.300926E-07
47.21339,-6.658421,22.281,50.32225,353.1,252.6001,0
47.22741,-6.658421,22.281,50.32225,353.1,252.7001,0
47.24107,-6.658421,22.281,50.32225,353.1,252.7001,0
47.2549,-6.658421,22.281,50.32225,353.1,252.7001,0
47.26894,-6.658421,22.281,50.32225,353.1,252.7001,0
47.28286,-6.658421,22.281,50.32225,353.1,252.7001,0
47.2966,-6.658421,22.281,50.32225,353.1,252.7001,0
47.31046,-6.658421,22.281,50.32225,353.1,252.7001,0
47.32446,-6.658421,22.281,50.32225,353.1,252.7001,0
47.33828,-6.658421,22.281,50.32225,353.1,252.7001,0
47.35225,-6.658421,22.281,50.32225,353.1,252.7001,0
47.36631,-6.658421,22.281,50.32225,353.1,252.7001,0
47.38022,-6.658421,22.281,50.32225,353.1,252.7001,0
47.39421,-6.658421,22.281,50.32225,353.1,252.7001,0
47.40797,-6.658421,22.281,50.32225,353.1,252.7001,0
47.4219,-6.658421,22.281,50.32225,353.1,252.7001,0
47.43579,-6.658421,22.281,50.32225,353.1,252.7001,0
47.44952,-6.658421,22.281,50.32225,353.1,252.7001,0
47.46349,-6.658421,22.281,50.32225,353.1,252.7001,0
47.4771,-6.658421,22.281,50.32225,353.1,252.7001,0
47.49109,-6.658421,22.281,50.32225,353.1,252.7001,0
47.50497,-6.658421,22.281,50.32225,353.1,252.7001,0
47.51875,-6.658421,22.281,50.32225,353.1,252.7001,0
47.53268,-6.658421,22.281,50.32225,353.1,252.7001,0
47.54662,-6.658421,22.281,50.32225,353.1,252.7001,0
47.56084,-6.658421,22.281,50.32225,353.1,252.7001,0
47.57453,-6.658421,22.281,50.32225,353.1,252.7001,0
47.58854,-6.658421,22.281,50.32225,353.1,252.7001,0
47.60241,-6.658421,22.281,50.32225,353.1,252.7001,0
47.61628,-6.658421,22.281,50.32225,353.1,252.7001,0
47.63007,-6.658421,22.281,50.32225,353.1,252.7001,0
47.64404,-6.658421,22.281,50.32225,353.1,252.7001,0
47.65791,-6.658421,22.281,50.32225,353.1,252.7001,0
47.67198,-6.658421,22.281,50.32225,353.1,252.7001,0
47.68542,-6.658421,22.281,50.32225,353.1,253.1001,0
47.6994,-6.658421,22.281,50.32225,353.1,253.6001,-2.150006E-07
47.71334,-6.658421,22.281,50.32225,353.1,253.9001,0
47.72733,-6.658421,22.281,50.32225,353.2,254.5001,-2.149555E-07
47.74127,-6.658421,22.281,50.32225,353.3,255.2001,0
47.75512,-6.658421,22.281,50.32225,353.4,255.6001,-2.148674E-07
47.76876,-6.658421,22.281,50.32225,353.5,256.3001,-2.148243E-07
47.78294,-6.658421,22.281,50.32225,353.6,256.9001,4.295638E-07
47.79661,-6.658421,22.281,50.32225,353.7,257.4001,0
47.8107,-6.658421,22.281,50.32225,353.7,257.6001,-2.147402E-07
47.82439,-6.658421,22.281,50.32225,353.7,257.9001,-2.147402E-07
47.83836,-6.658421,22.281,50.32225,353.7,258.2001,2.147402E-07
47.85226,-6.658421,22.281,50.32225,353.7,258.4001,0
47.86617,-6.658421,22.281,50.32225,353.7,258.5001,0
47.87975,-6.658421,22.281,50.32225,353.7,258.5001,0
47.89383,-6.658421,22.281,50.32225,353.7,258.6001,0
47.90783,-6.658421,22.281,50.32225,353.7,258.8001,0
47.92157,-6.658421,22.281,50.32225,353.7,258.9001,-2.147402E-07
47.93563,-6.658421,22.281,50.32225,353.7,259.0001,-2.147402E-07
47.94951,-6.658421,22.281,50.32225,353.8,259.2001,0
47.96311,-6.658421,22.281,50.32225,353.9,259.6001,2.146588E-07
47.97728,-6.658421,22.281,50.32225,354,259.8001,-2.146191E-07
47.99116,-6.658421,22.281,50.32225,354.2,260.2001,0
48.005,-6.658421,22.281,50.32225,354.4,260.7001,0
48.01886,-6.658421,22.281,50.32225,354.5,260.9001,2.144306E-07
48.03277,-6.658421,22.281,50.32225,354.7,261.4001,-2.143598E-07
48.04657,-6.658421,22.281,50.32225,354.8,261.6001,0
48.06063,-6.658421,22.281,50.32225,354.8,261.6001,0
48.07456,-6.658421,22.281,50.32225,354.8,261.6001,0
48.08827,-6.658421,22.281,50.32225,354.9,261.8001,0
48.10229,-6.658421,22.281,50.32225,354.9,261.8001,0
48.11611,-6.658421,22.281,50.32225,354.9,261.8001,0
48.13023,-6.658421,22.281,50.32225,354.9,261.8001,0
48.14399,-6.658421,22.281,50.32225,354.9,261.8001,0
48.15791,-6.658421,22.281,50.32225,354.9,261.8001,0
48.17221,-6.658421,22.281,50.32225,354.9,261.8001,0
48.18571,-6.658421,22.281,50.32225,354.9,261.8001,0
48.19946,-6.658421,22.281,50.32225,354.9,261.9001,4.285835E-07
48.2135,-6.658421,22.281,50.32225,354.9,262.1001,2.142918E-07
48.22723,-6.658421,22.281,50.32225,354.8,262.3001,-2.143255E-07
48.24109,-6.658421,22.281,50.32225,354.7,262.5001,-4.287197E-07
48.25519,-6.658421,22.281,50.32225,354.6,262.8001,0
48.26893,-6.658421,22.281,50.32225,354.6,263.2001,0
48.28283,-6.658421,22.281,50.32225,354.5,263.4001,0
48.2965,-6.658421,22.281,50.32225,354.4,263.8001,-2.144669E-07
48.31062,-6.658421,22.281,50.32225,354.3,264.4001,2.14504E-07
48.32436,-6.658421,22.281,50.32225,354.3,264.5001,0
48.33827,-6.658421,22.281,50.32225,354.2,264.7001,2.145417E-07
48.35225,-6.658421,22.281,50.32225,354.1,264.9001,0
48.36637,-6.658421,22.281,50.32225,354.1,265.0001,0
48.38044,-6.658421,22.281,50.32225,354.1,265.2001,0
48.394,-6.658421,22.281,50.32225,354,265.4001,0
48.408,-6.658421,22.281,50.32225,354,265.5001,-2.146191E-07
48.42165,-6.658421,22.281,50.32225,353.9,265.7001,0
48.43561,-6.658421,22.281,50.32225,353.9,265.9001,0
48.4494,-6.658421,22.281,50.32225,353.8,266.1001,0
48.46341,-6.658421,22.281,50.32225,353.7,266.4001,0
48.47718,-6.658421,22.281,50.32225,353.7,266.6001,0
48.49126,-6.658421,22.281,50.32225,353.6,266.7001,2.147819E-07
48.50492,-6.658421,22.281,50.32225,353.5,267.1001,-2.148243E-07
48.51891,-6.658421,22.281,50.32225,353.3,267.4001,-2.149111E-07
48.53308,-6.658421,22.281,50.32225,353.1,267.8001,0
48.54688,-6.658421,22.281,50.32225,353,268.0001,-2.150463E-07
48.5609,-6.658421,22.281,50.32225,352.7,268.3001,0
48.57455,-6.658421,22.281,50.32225,352.4,268.7001,0
48.58848,-6.658421,22.281,50.32225,352,269.2001,0
48.60234,-6.658421,22.281,50.32225,351.7,269.5001,0
48.61604,-6.658421,22.281,50.32225,351,269.9001,0
48.62991,-6.658421,22.281,50.32225,350,270.6001,0
48.64397,-6.658421,22.281,50.32225,349.3,271.0001,0
48.65786,-6.658421,22.281,50.32225,349.1,271.2001,0
48.67211,-6.658421,22.281,50.32225,348.4,271.6001,0
48.68582,-6.658421,22.281,50.32225,347.7,272.0001,0
48.69938,-6.658421,22.281,50.32225,347.1,272.4001,-8.758797E-07
48.71346,-6.658421,22.281,50.32225,346.7,272.6001,4.386519E-07
48.72739,-6.658421,22.281,50.32225,345.4,273.5001,0
48.74107,-6.658421,22.281,50.32225,344.5,274.6001,0
48.75513,-6.658421,22.281,50.32225,344.1,275.0001,0
48.76908,-6.658421,22.281,50.32225,343.7,275.5001,0
48.78305,-6.658421,22.281,50.32225,343.3,275.8001,-8.913692E-07
48.79653,-6.658421,22.281,50.32225,343.1,275.8001,0
48.8106,-6.658421,22.281,50.32225,343,275.9001,-8.927839E-07
48.8245,-6.658421,22.281,50.32225,342.6,275.9001,-8.947155E-07
48.83854,-6.578845,22.281,50.31402,342.1,275.9001,0
48.8524,-6.499269,22.281,50.3058,341.6,275.9001,0
48.86637,-6.499269,22.281,50.3058,341.3,275.9001,0
48.88028,-6.419693,22.281,50.29757,340.8,275.9001,0
48.89382,-6.340117,22.281,50.28935,340.3,275.9001,9.06851E-07
48.90808,-6.340117,22.281,50.28935,339.9,275.9001,-9.091455E-07
48.92207,-6.26054,22.281,50.28113,339.8,275.9001,0
48.9359,-6.180964,22.281,50.2729,339.5,275.9001,0
48.94955,-6.101388,22.281,50.26468,339.2,275.9001,0
48.96342,-6.101388,22.281,50.26468,339,275.9001,0
48.97738,-6.021811,22.281,50.25646,338.9,275.9001,-9.151296E-07
48.99106,-5.942221,22.281,50.24837,338.7,275.8001,1.832739E-06
49.00499,-5.942221,22.281,50.24837,338.6,275.8001,-9.16995E-07
49.01883,-5.862631,22.281,50.24029,338.5,275.8001,-9.176239E-07
49.03286,-5.78304,22.281,50.2322,338.5,275.8001,-9.176239E-07
49.04666,-5.78304,22.281,50.2322,338.4,275.8001,-9.182567E-07
49.06063,-5.70345,22.281,50.22412,338.4,275.8001,-9.182567E-07
49.07449,-5.623859,22.281,50.21603,338.4,275.8001,-9.182567E-07
49.0883,-5.623859,22.281,50.21603,338.4,275.8001,-9.182567E-07
49.1023,-5.544269,22.281,50.20795,338.4,275.8001,-9.182567E-07
49.11645,-5.464678,22.281,50.19986,338.4,275.8001,-9.182567E-07
49.13021,-5.385088,22.281,50.19178,338.4,275.8001,-9.182567E-07
49.14389,-5.385088,22.281,50.19178,338.4,275.8001,-9.182567E-07
49.15794,-5.305498,22.281,50.1837,338.4,275.8001,-9.182567E-07
49.17184,-5.225907,22.281,50.17561,338.4,275.8001,-9.182567E-07
49.18567,-5.225907,22.281,50.17561,338.4,275.8001,-9.182567E-07
49.19942,-5.146317,22.281,50.16753,338.4,275.8001,-9.182567E-07
49.21357,-5.066726,22.281,50.15944,338.4,275.8001,-9.182567E-07
49.2274,-5.066726,22.281,50.15944,338.4,275.8001,-9.182567E-07
49.24124,-4.987136,22.281,50.15136,338.4,275.8001,-9.182567E-07
49.25517,-4.907546,22.281,50.14327,338.4,275.8001,-9.182567E-07
49.26891,-4.827955,22.281,50.13519,338.4,275.8001,-9.182567E-07
49.28297,-4.827955,22.281,50.13519,338.4,275.8001,-9.182567E-07
49.29657,-4.748364,22.281,50.1271,338.4,275.8001,-9.182567E-07
49.31059,-4.668774,22.281,50.11902,338.4,275.8001,-9.182567E-07
49.3244,-4.668774,22.281,50.11902,338.4,275.8001,-9.182567E-07
49.33845,-4.589184,22.281,50.11094,338.4,275.8001,-9.182567E-07
49.3524,-4.509593,22.281,50.10285,338.4,275.8001,-9.182567E-07
49.36643,-4.509593,22.281,50.10285,338.4,275.8001,-9.182567E-07
49.37986,-4.430003,22.281,50.09476,338.4,275.8001,-9.182567E-07
49.394,-4.350412,22.281,50.08668,338.4,275.8001,-9.182567E-07
49.40773,-4.350412,22.281,50.08668,338.4,275.8001,-9.182567E-07
49.4217,-4.270822,22.281,50.07859,338.4,275.8001,-9.182567E-07
49.4356,-4.191231,22.281,50.07051,338.4,275.8001,-9.182567E-07
49.44968,-4.111641,22.281,50.06243,338.4,275.8001,-9.182567E-07
49.46375,-4.111641,22.281,50.06243,338.4,275.8001,-9.182567E-07
49.47736,-4.032051,22.281,50.05434,338.4,275.8001,-9.182567E-07
49.49142,-3.95246,22.281,50.04626,339.3,275.8001,0
49.50533,-3.95246,22.281,50.04626,341,275.9001,0
49.51923,-3.87299,22.281,50.03706,345.7,276.6001,0
49.5403,-3.793693,22.281,50.02648,351.3,277.6001,4.318558E-07
49.55414,-3.714722,22.281,50.01369,356.6,279.2001,1.069099E-07
49.56816,-3.714722,22.281,50.01369,1.100023,281.2001,0
49.58195,-3.714722,22.281,50.01369,4.100023,283.2001,-2.139911E-07
49.60305,-3.714722,22.281,50.01369,5.900024,284.7001,-4.291602E-07
49.6168,-3.714722,22.281,50.01369,7.000024,285.8001,0
49.63798,-3.714722,22.281,50.01369,7.400024,286.4001,0
49.65852,-3.714722,22.281,50.01369,7.500024,286.5001,-4.305705E-07
49.67233,-3.714722,22.281,50.01369,7.500024,286.5001,-4.305705E-07
49.69347,-3.714722,22.281,50.01369,7.500024,286.5001,-4.305705E-07
49.71408,-3.714722,22.281,50.01369,7.400024,286.4001,0
49.73517,-3.714722,22.281,50.01369,7.100024,286.3001,0
49.74891,-3.714722,22.281,50.01369,6.700024,286.2001,-2.149111E-07
49.76967,-3.714722,22.281,50.01369,6.500024,286.1001,0
49.7909,-3.714722,22.281,50.01369,6.000023,286.0001,0
49.80446,-3.714722,22.281,50.01369,5.400025,285.9001,-2.143949E-07
49.82504,-3.714722,22.281,50.01369,5.300024,285.9001,0
49.84604,-3.714722,22.281,50.01369,5.000024,285.9001,0
49.86001,-3.714722,22.281,50.01369,4.700026,285.9001,2.141635E-07
49.88088,-3.714722,22.281,50.01369,4.700026,285.9001,2.141635E-07
49.90152,-3.714722,22.281,50.01369,4.600025,285.9001,-2.141332E-07
49.91552,-3.714722,22.281,50.01369,4.600025,285.9001,-2.141332E-07
49.93633,-3.714722,22.281,50.01369,4.500025,285.9001,0
49.95715,-3.714722,22.281,50.01369,4.500025,285.9001,0
49.97119,-3.714722,22.281,50.01369,4.500025,285.9001,0
49.99196,-3.714722,22.281,50.01369,4.200026,286.1001,0
50.01299,-3.714722,22.281,50.01369,4.000026,286.5001,0
50.02668,-3.714722,22.281,50.01369,3.800025,287.3001,0
50.04761,-3.714722,22.281,50.01369,3.500025,289.1001,0
50.06907,-3.714722,22.281,50.01369,2.700024,294.8001,1.068403E-07
50.09032,-3.714722,22.281,50.01369,1.900024,301.0001,-5.339021E-08
50.11146,-3.714722,22.281,50.01369,1.000024,307.7001,0
50.1326,-3.714722,22.281,50.01369,1.000024,307.7001,0
50.16026,-3.714722,22.281,50.01369,1.000024,307.7001,0
50.18125,-3.714722,22.281,50.01369,1.000024,307.7001,0
50.2092,-3.714722,22.281,50.01369,1.000024,307.7001,0
50.22942,-3.714722,22.281,50.01369,1.000024,307.7001,0
50.25737,-3.714722,22.281,50.01369,1.000024,307.7001,0
50.27871,-3.714722,22.281,50.01369,1.000024,307.7001,0
50.30614,-3.714722,22.281,50.01369,1.000024,307.7001,0
50.32671,-3.714722,22.281,50.01369,1.000024,307.7001,0
50.35448,-3.714722,22.281,50.01369,1.000024,307.7001,0
50.38262,-3.714722,22.281,50.01369,1.000024,307.7001,0
50.40353,-3.714722,22.281,50.01369,1.000024,307.7001,0
50.43131,-3.714722,22.281,50.01369,1.000024,307.7001,0
50.45212,-3.714722,22.281,50.01369,1.000024,307.7001,0
50.47979,-3.714722,22.281,50.01369,1.000024,307.7001,0
50.50042,-3.714722,22.281,50.01369,1.000024,307.7001,0
50.52859,-3.714722,22.281,50.01369,1.000024,307.7001,0
50.54929,-3.714722,22.281,50.01369,1.000024,307.7001,0
50.57721,-3.714722,22.281,50.01369,1.000024,307.7001,0
50.59769,-3.714722,22.281,50.01369,1.000024,307.7001,0
50.62526,-3.714722,22.281,50.01369,1.000024,307.7001,0
50.64663,-3.714722,22.281,50.01369,2.500025,312.5001,0
50.67512,-3.714722,22.281,50.01369,4.000026,319.9001,-1.069823E-07
50.70317,-3.714722,22.281,50.01369,5.200025,327.7001,-1.071627E-07
50.72402,-3.714722,22.281,50.01369,6.800023,338.7001,1.074778E-07
50.75181,-3.714722,22.281,50.01369,7.800025,345.6001,-1.077183E-07
50.77956,-3.714722,22.281,50.01369,9.600025,359.2001,-6.764841E-09
50.81424,-3.714722,22.281,50.01369,10.00003,8.200082,0
50.8423,-3.714722,22.281,50.01369,11.40003,21.40008,0
50.87647,-3.714722,22.281,50.01369,11.70003,27.30009,-2.179723E-07
50.91104,-3.714722,22.281,50.01369,11.80002,32.10008,0
50.94646,-3.714722,22.281,50.01369,12.00003,34.60009,0
50.95277,-3.714722,22.281,50.01369,12.00003,34.70009,-4.364237E-07
50.98703,-3.714722,22.281,50.01369,12.00003,34.70009,-4.364237E-07
51.0225,-3.714722,22.281,50.01369,11.90003,34.80009,-2.181313E-07
51.05976,-3.714722,22.281,50.01369,11.90003,34.80009,-2.181313E-07
51.09663,-3.714722,22.281,50.01369,11.90003,34.80009,-2.181313E-07
51.13461,-3.714722,22.281,50.01369,11.90003,34.80009,-2.181313E-07
51.17271,-3.714722,22.281,50.01369,11.90003,34.80009,-2.181313E-07
51.21058,-3.714722,22.281,50.01369,12.00003,36.20009,0
51.24714,-3.714722,22.281,50.01369,13.00003,41.60009,0
51.28482,-3.714722,22.281,50.01369,14.10003,49.30009,0
51.32131,-3.714722,22.281,50.01369,14.60003,56.00009,0
51.35754,-3.714722,22.281,50.01369,14.60003,62.2001,4.411313E-07
51.39442,-3.714722,22.281,50.01369,14.30003,65.60009,-4.405366E-07
51.43015,-3.714722,22.281,50.01369,12.70003,66.00009,4.375927E-07
51.46611,-3.714722,22.281,50.01369,12.70003,66.00009,4.375927E-07
51.50319,-3.714722,22.281,50.01369,12.70003,66.00009,4.375927E-07
51.53818,-3.714722,22.281,50.01369,12.70003,66.00009,4.375927E-07
51.5732,-3.714722,22.281,50.01369,12.70003,66.00009,4.375927E-07
51.60814,-3.714722,22.281,50.01369,12.70003,66.00009,4.375927E-07
51.64328,-3.714722,22.281,50.01369,12.70003,66.00009,4.375927E-07
51.67828,-3.714722,22.281,50.01369,12.70003,66.00009,4.375927E-07
51.71333,-3.714722,22.281,50.01369,12.70003,66.00009,4.375927E-07
51.74826,-3.714722,22.281,50.01369,12.70003,66.00009,4.375927E-07
51.78314,-3.568555,22.281,50.07877,12.70003,66.00009,4.375927E-07
51.81803,-3.422387,22.281,50.14384,12.70003,66.00009,4.375927E-07
51.85302,-3.275994,22.281,50.20841,13.00003,66.2001,0
51.88816,-3.202353,22.281,50.23967,13.30002,67.00009,0
51.92302,-3.054747,22.281,50.30142,13.60002,67.30009,0
51.95887,-2.90682,22.281,50.36239,13.80003,67.60009,4.395755E-07
51.99503,-2.75847,22.281,50.42233,13.80002,68.0001,0
52.03123,-2.609809,22.281,50.48148,13.70003,68.30009,0
52.06705,-2.535223,22.281,50.51041,13.70003,68.8001,0
52.10303,-2.385258,22.281,50.56618,13.70003,69.6001,4.393878E-07
52.13891,-2.233175,22.281,50.61589,13.70002,71.9001,-4.393879E-07
52.17413,-2.233175,22.281,50.61589,13.70002,75.4001,-4.393879E-07
52.20896,-2.233175,22.281,50.61589,14.60003,81.20009,0
52.24391,-2.233175,22.281,50.61589,15.10003,84.9001,0
52.27972,-2.233175,22.281,50.61589,15.40002,87.0001,0
52.31304,-2.233175,22.281,50.61589,15.50002,87.30009,0
52.34396,-2.233175,22.281,50.61589,15.50002,87.30009,0
52.37369,-2.233175,22.281,50.61589,15.50002,87.30009,0
52.40368,-2.233175,22.281,50.61589,15.50002,87.30009,0
52.4327,-2.233175,22.281,50.61589,15.50002,87.30009,0
52.4628,-2.233175,22.281,50.61589,15.50002,87.30009,0
52.49176,-2.233175,22.281,50.61589,15.50002,87.30009,0
52.52168,-2.233175,22.281,50.61589,15.50002,87.30009,0
52.55064,-2.233175,22.281,50.61589,15.50002,87.30009,0
52.57984,-2.233175,22.281,50.61589,15.50002,87.30009,0
52.60978,-2.233175,22.281,50.61589,15.50002,87.30009,0
52.63889,-2.233175,22.281,50.61589,15.50002,87.30009,0
52.6689,-2.233175,22.281,50.61589,15.50002,87.30009,0
52.69777,-2.233175,22.281,50.61589,15.50002,87.30009,0
52.72695,-2.233175,22.281,50.61589,15.50002,87.30009,0
52.75679,-2.233175,22.281,50.61589,15.50002,87.30009,0
52.78574,-2.233175,22.281,50.61589,15.50002,87.30009,0
52.81585,-2.233175,22.281,50.61589,15.50002,87.6001,-8.859971E-07
52.84485,-2.233175,22.281,50.61589,15.30002,89.80009,-8.851457E-07
52.87489,-2.233175,22.281,50.61589,15.30002,93.3001,1.770291E-06
52.90383,-2.233175,22.281,50.61589,15.30002,98.7001,0
52.9329,-2.233175,22.281,50.61589,15.50002,104.5001,0
52.95971,-2.233175,22.281,50.61589,16.10002,109.0001,0
52.98449,-2.233175,22.281,50.61589,16.80002,114.7001,-8.918378E-07
53.0098,-2.233175,22.281,50.61589,16.80003,118.2001,-8.918377E-07
53.03352,-2.233175,22.281,50.61589,16.80002,121.2001,-8.918379E-07
53.0575,-2.166081,22.281,50.57232,16.80002,123.0001,4.459189E-07
53.07957,-2.099603,22.281,50.52782,16.80002,123.8001,0
53.10248,-2.033358,22.281,50.48297,16.80002,124.1001,0
53.12337,-1.967113,22.281,50.43811,16.80002,124.1001,0
53.14546,-1.900869,22.281,50.39326,16.80002,124.1001,0
53.16649,-1.834702,22.281,50.3483,16.70003,124.2001,-4.456848E-07
53.1884,-1.768614,22.281,50.30322,16.60003,124.3001,0
53.21061,-1.636439,22.281,50.21305,16.60003,124.3001,0
53.23141,-1.570351,22.281,50.16797,16.60003,124.3001,0
53.25353,-1.504342,22.281,50.12277,16.50003,124.4001,4.452211E-07
53.27435,-1.438333,22.281,50.07757,16.50003,124.4001,4.452211E-07
53.29646,-1.372324,22.281,50.03238,16.50003,124.4001,4.452211E-07
53.31845,-1.306315,22.281,49.98718,16.30003,124.4001,8.895281E-07
53.34046,-1.240306,22.281,49.94198,16.20003,124.4001,0
53.36257,-1.174297,22.281,49.89678,16.10003,124.4001,-4.443132E-07
53.38464,-1.108288,22.281,49.85159,16.00003,124.4001,0
53.40644,-1.042279,22.281,49.80639,16.00003,124.4001,0
53.42845,-0.9102611,22.281,49.71599,16.00003,124.4001,0
53.45047,-0.8442521,22.281,49.6708,15.90003,124.4001,8.877374E-07
53.47246,-0.7782431,22.281,49.6256,15.90003,124.4001,8.877374E-07
53.49648,-0.7121553,22.281,49.58052,15.80003,124.3001,-4.436489E-07
53.51923,-0.6459106,22.281,49.53566,15.60003,124.1001,0
53.54264,-0.5793543,22.281,49.49128,15.50003,123.7001,0
53.56545,-0.5121848,22.281,49.44782,15.30003,122.9001,-4.425728E-07
53.58967,-0.3763495,22.281,49.36327,15.00002,121.9001,0
53.61135,-0.3072076,22.281,49.32303,15.00002,120.2001,0
53.6354,-0.2372381,22.281,49.28425,15.00002,119.0001,-8.838916E-07
53.65852,-0.1662129,22.281,49.24743,14.80002,117.4001,0
53.68139,-0.09437077,22.281,49.21223,14.60003,116.1001,-4.411313E-07
53.70544,-0.02180731,22.281,49.17855,14.50002,114.9001,0
53.72935,0.1249222,22.281,49.11475,14.30002,113.5001,4.405366E-07
53.75348,0.1990969,22.281,49.08478,14.10002,112.0001,0
53.77724,0.2742722,22.281,49.05742,13.80002,110.0001,-4.395755E-07
53.80241,0.3505695,22.281,49.03336,13.40002,107.5001,-4.388337E-07
53.82744,0.4278436,22.281,49.01266,13.20002,105.0001,4.384718E-07
53.85239,0.5843471,22.281,48.97939,12.80002,102.0001,0
53.87762,0.6635686,22.281,48.96826,12.20002,98.00009,8.735009E-07
53.90344,0.7435246,22.281,48.96561,11.30002,91.90009,0
53.92952,0.9033723,22.281,48.97259,11.10002,87.50008,-4.35025E-07
53.95562,0.9829341,22.281,48.98095,11.00002,84.00009,0
53.98172,1.061971,22.281,48.99332,10.90002,81.10008,-4.3473E-07
54.00856,1.218647,22.281,49.02577,10.90002,78.30009,4.3473E-07
54.03658,1.296565,22.281,49.0439,10.90002,76.90009,0
54.06561,1.37412,22.281,49.06353,10.70002,75.80009,4.344406E-07
54.09464,1.528741,22.281,49.10467,10.60002,75.10009,-4.34298E-07
54.12358,1.605868,22.281,49.12591,10.60002,74.60009,4.34298E-07
54.1536,1.759823,22.281,49.16948,10.40002,74.20008,0
54.18262,1.836647,22.281,49.1918,10.20002,73.80009,4.337419E-07
54.21144,1.990294,22.281,49.23643,9.500025,73.80009,4.328227E-07
54.24158,2.067117,22.281,49.25875,9.000024,73.80009,4.322081E-07
54.2695,2.220764,22.281,49.30339,9.000024,73.80009,4.322081E-07
54.29862,2.297588,22.281,49.32571,9.000024,73.80009,4.322081E-07
54.3275,2.374411,22.281,49.34803,9.000024,73.80009,4.322081E-07
54.3555,2.528059,22.281,49.39267,9.000024,73.80009,4.322081E-07
54.38438,2.604882,22.281,49.41499,9.000024,73.80009,4.322081E-07
54.4125,2.758529,22.281,49.45963,9.000024,73.80009,4.322081E-07
54.44048,2.835353,22.281,49.48195,9.000024,73.80009,4.322081E-07
54.46949,2.989,22.281,49.52658,9.000024,73.80009,4.322081E-07
54.49747,3.065823,22.281,49.5489,9.000024,73.80009,4.322081E-07
54.52684,3.142204,22.281,49.57269,8.900025,72.70008,-4.320893E-07
54.55555,3.291875,22.281,49.62925,9.400026,69.30009,4.326971E-07
54.58351,3.364902,22.281,49.66191,9.800027,65.90009,0
54.61362,3.504021,22.281,49.74094,10.40003,60.40009,4.340171E-07
54.64265,3.568988,22.281,49.78763,11.10003,54.30008,-4.35025E-07
54.67078,3.692448,22.281,49.8894,11.60002,50.50008,4.357877E-07
54.69969,3.75067,22.281,49.94427,12.00003,46.70008,0
54.72963,3.863015,22.281,50.05819,12.10003,44.60008,0
54.75768,3.916856,22.281,50.11736,12.30002,42.30009,4.36916E-07
54.78676,3.968918,22.281,50.1781,12.60003,40.60009,0
54.81565,4.070475,22.281,50.30174,12.70003,39.40008,0
54.84357,4.119287,22.281,50.36512,13.00003,37.60008,0
54.87163,4.213332,22.281,50.49456,13.20003,36.00008,4.384717E-07
54.90079,4.257952,22.281,50.56097,13.50002,33.90009,0
54.92874,4.343685,22.281,50.69606,13.50003,32.40008,0
54.95672,4.384648,22.281,50.76477,13.70003,30.80008,0
54.9846,4.424406,22.281,50.83419,13.90003,29.80009,2.198824E-07
55.01486,4.501242,22.281,50.97454,14.00003,28.70009,0
55.04391,4.538182,22.281,51.0455,14.20002,27.50009,-2.201706E-07
55.0732,4.609074,22.281,51.18894,14.40002,26.30009,-2.203666E-07
55.1032,4.641485,22.281,51.26208,14.80002,23.90009,0
55.13245,4.699345,22.281,51.41125,15.20002,21.20009,2.211811E-07
55.16159,4.725787,22.281,51.48676,15.40003,19.30009,2.213924E-07
55.19094,4.771497,22.281,51.64009,15.90002,16.60009,2.219344E-07
55.22104,4.790715,22.281,51.71774,16.30002,13.90009,0
55.25098,4.8248,22.281,51.87407,16.50003,12.30009,0
55.28207,4.840065,22.281,51.9526,16.60002,11.00009,1.11363E-07
55.31397,4.865646,22.281,52.11054,16.90002,9.200084,0
55.34519,4.876089,22.281,52.18986,17.10002,7.500084,0
55.37721,4.892536,22.281,52.34901,17.30002,5.900085,0
55.40729,4.898952,22.281,52.42875,17.50002,4.600084,5.595042E-08
55.43838,4.907605,22.281,52.58852,17.70002,3.100084,-5.60124E-08
55.46838,4.910815,22.281,52.66845,17.80002,2.300084,-2.802185E-08
55.49833,4.916957,22.281,52.82833,17.80003,2.200084,2.802185E-08
55.52926,4.9231,22.281,52.98822,17.80003,2.200084,2.802185E-08
55.55816,4.926171,22.281,53.06816,17.80003,2.200084,2.802185E-08
55.58715,4.929242,22.281,53.1481,17.80003,2.200084,2.802185E-08
55.61515,4.935384,22.281,53.30798,17.80003,2.200084,2.802185E-08
55.64416,4.938456,22.281,53.38792,17.80003,2.200084,2.802185E-08
55.67212,4.944598,22.281,53.54781,17.80003,2.200084,2.802185E-08
55.70019,4.947669,22.281,53.62775,17.80003,2.200084,2.802185E-08
55.72802,4.95074,22.281,53.70769,17.80003,2.200084,2.802185E-08
55.75499,4.956882,22.281,53.86757,17.80003,2.200084,2.802185E-08
55.7828,4.961766,22.281,53.94742,17.50002,3.500084,5.595042E-08
55.80878,4.979879,22.281,54.10639,17.20003,6.500084,0
55.83546,4.99198,22.281,54.18547,17.00002,8.700085,1.11598E-07
55.86042,5.006559,22.281,54.26413,16.80002,10.50008,0
55.88731,5.023192,22.281,54.34238,16.80002,12.00009,1.114797E-07
55.91332,5.059185,22.281,54.49828,16.80002,13.00008,0
55.93925,5.07786,22.281,54.57607,16.80002,13.50008,0
55.96521,5.097214,22.281,54.65369,16.70003,14.00008,0
55.99016,5.138895,22.281,54.80817,16.40003,15.10008,0
56.01389,5.16108,22.281,54.88503,16.30003,16.10009,2.22382E-07
56.03813,5.184337,22.281,54.96158,16.20003,16.90008,0
56.06084,5.208792,22.281,55.03775,16.10003,17.80009,2.221566E-07
56.08372,5.234309,22.281,55.11357,16.10003,18.60008,0
56.10571,5.234309,22.281,55.11357,16.10003,19.20008,-2.221566E-07
56.12767,5.234309,22.281,55.11357,16.10003,20.10008,2.221566E-07
56.15061,5.234309,22.281,55.11357,16.10003,21.00008,2.221566E-07
56.17257,5.234309,22.281,55.11357,16.10003,21.90008,0
56.19559,5.234309,22.281,55.11357,16.10003,22.70008,0
56.21862,5.234309,22.281,55.11357,16.10003,24.10008,0
56.24145,5.234309,22.281,55.11357,16.10003,26.00008,0
56.26439,5.234309,22.281,55.11357,16.10003,28.20008,0
56.28738,5.234309,22.281,55.11357,16.10003,30.70008,4.443132E-07
56.31044,5.234309,22.281,55.11357,16.10003,32.90007,0
56.33335,5.234309,22.281,55.11357,16.10003,35.00008,0
56.35638,5.234309,22.281,55.11357,16.10003,36.70008,0
56.3814,5.234309,22.281,55.11357,16.10003,37.60008,-4.443132E-07
56.40629,5.234309,22.281,55.11357,16.10003,38.60008,0
56.43037,5.234309,22.281,55.11357,16.00003,39.20008,-4.440901E-07
56.45548,5.234309,22.281,55.11357,15.90003,39.70008,4.438687E-07
56.48038,5.234309,22.281,55.11357,15.80003,40.10009,8.872976E-07
56.50534,5.234309,22.281,55.11357,15.80003,40.90008,4.436488E-07
56.5305,5.234309,22.281,55.11357,15.80003,42.60009,4.436488E-07
56.55538,5.234309,22.281,55.11357,15.80003,44.70008,4.436488E-07
56.58133,5.234309,22.281,55.11357,15.80003,46.90008,-4.436488E-07
56.60625,5.234309,22.281,55.11357,15.80003,50.10008,0
56.63131,5.234309,22.281,55.11357,16.00003,52.70008,0
56.65733,5.234309,22.281,55.11357,16.40003,55.60008,4.449918E-07
56.68244,5.234309,22.281,55.11357,16.80003,58.10008,0
56.70723,5.234309,22.281,55.11357,17.10003,60.80008,0
56.7324,5.234309,22.281,55.11357,17.80003,65.10008,0
56.75733,5.234309,22.281,55.11357,18.40003,70.50008,8.997739E-07
56.78133,5.234309,22.281,55.11357,18.80003,77.40008,9.018903E-07
56.80645,5.234309,22.281,55.11357,19.50003,82.10008,9.057248E-07
56.83132,5.234309,22.281,55.11357,20.00003,85.90008,0
56.85635,5.234309,22.281,55.11357,20.70003,88.40008,9.126935E-07
56.88235,5.234309,22.281,55.11357,21.30003,89.70007,0
56.90833,5.234309,22.281,55.11357,21.50003,90.00008,0
56.93439,5.234309,22.281,55.11357,21.60003,90.10008,0
56.96025,5.234309,22.281,55.11357,22.10003,90.00008,-9.214759E-07
56.98632,5.234309,22.281,55.11357,23.10003,89.90008,9.281952E-07
57.0135,5.234309,22.281,55.11357,24.20003,89.70008,0
57.03926,5.234309,22.281,55.11357,25.30004,89.50008,-9.443538E-07
57.06534,5.234309,22.281,55.11357,25.50004,89.50008,-9.459205E-07
57.09216,5.234309,22.281,55.11357,25.50004,89.50008,-9.459205E-07
57.11906,5.234309,22.281,55.11357,25.50004,89.50008,-9.459205E-07
57.14527,5.234309,22.281,55.11357,25.50004,89.50008,-9.459205E-07
57.17218,5.234309,22.281,55.11357,25.50004,89.50008,-9.459205E-07
57.19829,5.234309,22.281,55.11357,25.50004,89.50008,-9.459205E-07
57.22524,5.154312,22.281,55.11287,25.50004,89.50008,-9.459205E-07
57.25219,4.994318,22.281,55.11148,25.50004,89.50008,-9.459205E-07
57.27944,4.914321,22.281,55.11078,25.50004,89.50008,-9.459205E-07
57.30521,4.834324,22.281,55.11008,25.50004,89.50008,-9.459205E-07
57.33242,4.674331,22.281,55.10868,25.50004,89.50008,-9.459205E-07
57.3592,4.594334,22.281,55.10799,25.50004,89.50008,-9.459205E-07
57.38726,4.514337,22.281,55.10729,25.50004,89.50008,-9.459205E-07
57.41432,4.354342,22.281,55.10589,25.50004,89.50008,-9.459205E-07
57.44136,4.274346,22.281,55.10519,25.50004,89.50008,-9.459205E-07
57.46942,4.114352,22.281,55.1038,25.50004,89.50008,-9.459205E-07
57.49619,4.034355,22.281,55.1031,25.50004,89.50008,-9.459205E-07
57.52448,4.034355,22.281,55.1031,25.50004,89.50008,-9.459205E-07
57.55264,4.034355,22.281,55.1031,25.60003,89.40007,0
57.58029,4.034355,22.281,55.1031,25.50004,89.30008,9.459204E-07
57.60742,4.034355,22.281,55.1031,25.50004,89.30008,9.459204E-07
57.63529,4.034355,22.281,55.1031,25.50004,89.30008,9.459204E-07
57.66344,4.034355,22.281,55.1031,25.50004,89.30008,9.459204E-07
57.69158,4.034355,22.281,55.1031,25.50004,89.30008,9.459204E-07
57.71931,4.034355,22.281,55.1031,25.40004,89.30007,0
57.74635,4.034355,22.281,55.1031,25.20004,89.20008,0
57.77436,4.034355,22.281,55.1031,25.20004,89.20008,0
57.80246,4.034355,22.281,55.1031,25.20004,89.20008,0
57.83054,4.034355,22.281,55.1031,25.20004,89.20008,0
57.85754,4.034355,22.281,55.1031,24.80004,89.00007,9.405102E-07
57.88535,4.034355,22.281,55.1031,24.40005,88.80008,9.375087E-07
57.91323,4.034355,22.281,55.1031,23.10005,88.10008,9.28195E-07
57.9417,4.034355,22.281,55.1031,21.80005,87.20008,-9.195335E-07
57.96965,4.034355,22.281,55.1031,19.60005,85.60007,-9.062864E-07
57.99739,4.034355,22.281,55.1031,18.10005,84.10008,8.982216E-07
58.02537,4.034355,22.281,55.1031,16.30005,81.50007,0
58.05277,4.034355,22.281,55.1031,15.10005,79.60007,0
58.07837,4.034355,22.281,55.1031,13.20004,77.60007,0
58.10455,4.034355,22.281,55.1031,11.80005,76.50007,-4.361029E-07
58.13044,4.034355,22.281,55.1031,10.40005,75.70007,4.340171E-07
58.15627,4.034355,22.281,55.1031,9.100044,75.10007,-4.323283E-07
58.18126,4.034355,22.281,55.1031,8.200047,74.60007,0
58.20632,4.034355,22.281,55.1031,7.300046,74.00008,0
58.23134,4.034355,22.281,55.1031,6.900047,73.40007,0
58.25537,4.034355,22.281,55.1031,6.600047,72.90007,0
58.28054,4.034355,22.281,55.1031,6.300047,72.60006,-2.147403E-07
58.30426,4.034355,22.281,55.1031,5.900047,72.40008,2.145801E-07
58.32936,4.034355,22.281,55.1031,5.700048,72.30006,2.14504E-07
58.35315,4.034355,22.281,55.1031,5.700048,72.30006,2.14504E-07
58.37725,4.034355,22.281,55.1031,5.700048,72.30006,2.14504E-07
58.4002,4.034355,22.281,55.1031,5.600049,72.30006,0
58.4241,4.034355,22.281,55.1031,5.600049,72.30006,0
58.44721,4.034355,22.281,55.1031,5.600049,72.30006,0

