Car02,OfficeBin,Honey_FLIPPED,Kela,HandHeldRadio,Burger,
